learning evaluation instances,evaluation time (cpu seconds),model cost (RAM-Hours),classified instances,classifications correct (percent),Kappa Statistic (percent),Kappa Temporal Statistic (percent),Kappa M Statistic (percent),model training instances,model serialized size (bytes),tree size (nodes),tree size (leaves),active learning leaves,tree depth,active leaf byte size estimate,inactive leaf byte size estimate,byte size estimate overhead
10000.0,1.031988166,1.2426134508906141E-8,10000.0,79.13,68.75895915809481,68.81816823546988,68.10331652147333,10000.0,46544.0,5.0,3.0,3.0,2.0,0.0,0.0,1.0
20000.0,1.543225318,2.0936105738340154E-8,20000.0,79.405,69.11612648355062,69.21754726851506,68.93196560567205,20000.0,64344.0,7.0,4.0,4.0,2.0,0.0,0.0,1.0
30000.0,2.014159263,3.2580220459730674E-8,30000.0,79.35666666666667,69.04206645791031,69.15836653386454,68.83397916561823,30000.0,95576.0,11.0,6.0,6.0,3.0,0.0,0.0,1.0
40000.0,2.597851097,5.624155070383723E-8,40000.0,80.19500000000001,70.29032459257675,70.4270568911453,70.12144527419478,40000.0,156696.0,19.0,10.0,10.0,4.0,0.0,0.0,1.0
50000.0,3.111578423,7.970028262515242E-8,50000.0,80.706,71.05545919116723,71.19524648413005,70.88401291763499,50000.0,176512.0,21.0,11.0,11.0,4.0,0.0,0.0,1.0
60000.0,3.617397989,1.0833469046995665E-7,60000.0,81.06,71.58716201919434,71.70389183536267,71.39908891853119,60000.0,218824.0,27.0,14.0,14.0,4.0,0.0,0.0,1.0
70000.0,4.105614317,1.4031736614108708E-7,70000.0,81.26142857142857,71.88996230701996,72.0164696846866,71.73121268938169,70000.0,253224.0,31.0,16.0,16.0,6.0,0.0,0.0,1.0
80000.0,4.532135454,1.703151996253969E-7,80000.0,81.43125,72.1461883883112,72.22897309827822,71.97381329710964,80000.0,271864.0,33.0,17.0,17.0,6.0,0.0,0.0,1.0
90000.0,4.942202295,1.9947657903638773E-7,90000.0,81.6388888888889,72.45692455092924,72.51696381053753,72.28372077421086,90000.0,274888.0,33.0,17.0,17.0,6.0,0.0,0.0,1.0
100000.0,5.437572136,2.412963385448398E-7,100000.0,81.742,72.60986387323771,72.65784114052953,72.420356187973,100000.0,326328.0,37.0,19.0,19.0,7.0,0.0,0.0,1.0
110000.0,5.991987813,2.986238293710268E-7,110000.0,81.75363636363636,72.62827225076106,72.6940030474532,72.4685193821843,110000.0,399696.0,47.0,24.0,24.0,8.0,0.0,0.0,1.0
120000.0,6.475748029,3.47680279614586E-7,120000.0,81.88250000000001,72.82289449585917,72.85564461757436,72.68581335745516,120000.0,391984.0,46.0,20.0,20.0,5.0,0.0,0.0,1.0
130000.0,6.984471303,4.0373015349037946E-7,130000.0,81.97153846153846,72.95675193035707,72.98110510358184,72.82887185967516,130000.0,425888.0,50.0,22.0,22.0,6.0,0.0,0.0,1.0
140000.0,7.484981006,4.5684893865033155E-7,140000.0,82.045,73.06775850692144,73.08960496734824,72.95119011750528,140000.0,410240.0,56.0,25.0,25.0,5.0,0.0,0.0,1.0
150000.0,7.946039255,5.115069723511342E-7,150000.0,82.10333333333332,73.15432933429658,73.17351027790824,73.04854173987249,150000.0,458248.0,62.0,28.0,28.0,6.0,0.0,0.0,1.0
160000.0,8.389343669,5.662943332826201E-7,160000.0,82.215,73.32023609071784,73.33408300769354,73.19265190767781,160000.0,477728.0,64.0,29.0,29.0,6.0,0.0,0.0,1.0
170000.0,8.828893826,6.240163334021324E-7,170000.0,82.32764705882353,73.48989410516344,73.50331616453822,73.38076589108823,170000.0,507616.0,68.0,31.0,31.0,6.0,0.0,0.0,1.0
180000.0,9.280368434,6.865577516181622E-7,180000.0,82.42444444444445,73.63528126294706,73.63908308405063,73.53588248580009,180000.0,535472.0,72.0,33.0,33.0,7.0,0.0,0.0,1.0
190000.0,9.719544881,7.502259259964381E-7,190000.0,82.46578947368421,73.69753634769734,73.714524668029,73.59912512184104,190000.0,560384.0,72.0,33.0,33.0,7.0,0.0,0.0,1.0
200000.0,10.188231238,8.281069021045065E-7,200000.0,82.5125,73.76818792801166,73.77694470477975,73.67906140172637,200000.0,642320.0,84.0,39.0,39.0,7.0,0.0,0.0,1.0
210000.0,10.627963535,8.918674899675449E-7,210000.0,82.57,73.85375097945503,73.86470739439636,73.75677535920158,210000.0,560488.0,73.0,27.0,27.0,8.0,0.0,0.0,1.0
220000.0,11.049463718,9.559312077635712E-7,220000.0,82.6490909090909,73.97252267692063,73.98291973091419,73.87787502822849,220000.0,587512.0,77.0,29.0,29.0,8.0,0.0,0.0,1.0
230000.0,11.477063768,1.0259557154143664E-6,230000.0,82.69,74.03455378233423,74.03545155736421,73.94727026443393,230000.0,633016.0,83.0,32.0,32.0,8.0,0.0,0.0,1.0
240000.0,11.919960028,1.1010058630372315E-6,240000.0,82.77083333333334,74.15586822900482,74.15027225045792,74.0792979156872,240000.0,655016.0,85.0,33.0,33.0,8.0,0.0,0.0,1.0
250000.0,12.378991327,1.181263029089096E-6,250000.0,82.8252,74.23729981696984,74.22625336150594,74.1656187387561,250000.0,675840.0,87.0,34.0,34.0,8.0,0.0,0.0,1.0
260000.0,12.837598589,1.2666833900133086E-6,260000.0,82.85615384615384,74.28374647435335,74.26933667372843,74.21142764573835,260000.0,719984.0,93.0,37.0,37.0,9.0,0.0,0.0,1.0
270000.0,13.336515781,1.3667148867827137E-6,270000.0,82.89222222222222,74.33839453151023,74.3350539235569,74.27688366653672,270000.0,775016.0,101.0,41.0,41.0,9.0,0.0,0.0,1.0
280000.0,13.788552641,1.4621771916215432E-6,280000.0,82.91,74.36424219522776,74.36696825065218,74.29260614265529,280000.0,816320.0,107.0,44.0,44.0,9.0,0.0,0.0,1.0
290000.0,14.234079688,1.559013414170382E-6,290000.0,82.93448275862069,74.40114866068582,74.40075313201535,74.32638535841383,290000.0,840168.0,109.0,45.0,45.0,9.0,0.0,0.0,1.0
300000.0,14.711300183,1.666532856069677E-6,300000.0,82.964,74.445597409553,74.45085433767585,74.3768174069989,300000.0,870904.0,113.0,47.0,47.0,9.0,0.0,0.0,1.0
310000.0,15.22192045,1.7838378411242054E-6,310000.0,83.01612903225806,74.5239627769779,74.5280554238551,74.45650328208461,310000.0,888016.0,115.0,48.0,48.0,10.0,0.0,0.0,1.0
320000.0,15.810195074,1.9282852816442004E-6,320000.0,83.05,74.57482934446685,74.57996485061513,74.51211661270541,320000.0,949144.0,123.0,52.0,52.0,10.0,0.0,0.0,1.0
330000.0,16.334830617,2.0609730065573023E-6,330000.0,83.07939393939394,74.61866437190002,74.63361892734163,74.55420412962144,330000.0,977632.0,129.0,55.0,55.0,10.0,0.0,0.0,1.0
340000.0,16.864198349,2.2010739038113024E-6,340000.0,83.10882352941177,74.66310946763434,74.67511564427865,74.60669785375086,340000.0,1023024.0,133.0,57.0,57.0,10.0,0.0,0.0,1.0
350000.0,17.403142955,2.3470812509803368E-6,350000.0,83.12542857142857,74.68836162139755,74.69873324451338,74.62873785907288,350000.0,1047208.0,135.0,58.0,58.0,10.0,0.0,0.0,1.0
360000.0,17.964312667,2.5050072679187914E-6,360000.0,83.15916666666666,74.73912146589677,74.75284632746715,74.68178401403156,360000.0,1087832.0,141.0,61.0,61.0,10.0,0.0,0.0,1.0
370000.0,18.539904235,2.6763444105581503E-6,370000.0,83.17432432432432,74.76185145232922,74.77777867809712,74.71200402950639,370000.0,1150640.0,149.0,65.0,65.0,10.0,0.0,0.0,1.0
380000.0,19.05560691,2.831199142638927E-6,380000.0,83.1992105263158,74.79910649888332,74.81806671478778,74.75713184271396,380000.0,1160720.0,149.0,65.0,65.0,10.0,0.0,0.0,1.0
390000.0,19.567987232,2.9875249115430583E-6,390000.0,83.21333333333332,74.82000725948626,74.83722682163749,74.77371947765707,390000.0,1179344.0,151.0,66.0,66.0,10.0,0.0,0.0,1.0
400000.0,20.067274203,3.1417097254995855E-6,400000.0,83.24000000000001,74.85989108534902,74.88169593513604,74.81394099459388,400000.0,1193696.0,155.0,68.0,68.0,10.0,0.0,0.0,1.0
410000.0,20.562750121,3.2970925667097853E-6,410000.0,83.27024390243902,74.90549119229553,74.92460051984514,74.8677287449986,410000.0,1212224.0,155.0,68.0,68.0,10.0,0.0,0.0,1.0
420000.0,21.074866333,3.462919059336204E-6,420000.0,83.28333333333333,74.9252732057796,74.94861987269145,74.88786992195602,420000.0,1251664.0,161.0,71.0,71.0,10.0,0.0,0.0,1.0
430000.0,21.573595509,3.6255378770538687E-6,430000.0,83.2913953488372,74.93756026900212,74.9555560203292,74.91104134874934,430000.0,1260400.0,161.0,71.0,71.0,10.0,0.0,0.0,1.0
440000.0,22.07220218,3.792100990114092E-6,440000.0,83.31363636363636,74.97106543930411,74.9935286985191,74.93710380517712,440000.0,1291288.0,165.0,73.0,73.0,10.0,0.0,0.0,1.0
450000.0,22.594681848,3.974727373303179E-6,450000.0,83.32844444444444,74.99365083265971,75.01789858909169,74.95125273785995,450000.0,1351128.0,177.0,79.0,79.0,10.0,0.0,0.0,1.0
460000.0,23.119852176,4.169155590701703E-6,460000.0,83.33217391304348,74.99921135465208,75.0193857802858,74.95827576859138,460000.0,1431072.0,187.0,84.0,84.0,10.0,0.0,0.0,1.0
470000.0,23.641286272,4.369155788178481E-6,470000.0,83.3336170212766,75.00146205368355,75.01602722555171,74.95892127590197,470000.0,1482632.0,193.0,87.0,87.0,10.0,0.0,0.0,1.0
480000.0,24.168702747,4.574888938818621E-6,480000.0,83.34916666666666,75.0249476464412,75.03810309072284,74.97824167705012,480000.0,1507832.0,195.0,88.0,88.0,10.0,0.0,0.0,1.0
490000.0,24.720230516,4.796112399349462E-6,490000.0,83.37408163265306,75.06213833852668,75.07655972270237,75.02031379835834,490000.0,1550480.0,201.0,91.0,91.0,10.0,0.0,0.0,1.0
500000.0,25.262927761,5.018310109731894E-6,500000.0,83.39659999999999,75.09581076358349,75.11391297049053,75.05678677018483,500000.0,1582648.0,207.0,94.0,94.0,11.0,0.0,0.0,1.0
510000.0,25.799463069,5.244635209557256E-6,510000.0,83.41607843137255,75.12499974957059,75.13596462861814,75.087188067017,510000.0,1630560.0,211.0,96.0,96.0,11.0,0.0,0.0,1.0
520000.0,26.338704669,5.476737833218615E-6,520000.0,83.4423076923077,75.16431839693938,75.17458523392403,75.12753996637451,520000.0,1663792.0,215.0,98.0,98.0,11.0,0.0,0.0,1.0
530000.0,26.890158888,5.717596267147701E-6,530000.0,83.46509433962264,75.19826936202233,75.20667002393468,75.16739727347174,530000.0,1688320.0,217.0,99.0,99.0,11.0,0.0,0.0,1.0
540000.0,27.453655011,5.968781441873557E-6,540000.0,83.47518518518518,75.21334530572301,75.21711478269081,75.18161691902057,540000.0,1723080.0,221.0,101.0,101.0,11.0,0.0,0.0,1.0
550000.0,28.014847895,6.221865607631981E-6,550000.0,83.48272727272727,75.22456390984091,75.22451884921988,75.19034978479824,550000.0,1743232.0,223.0,102.0,102.0,11.0,0.0,0.0,1.0
560000.0,28.587036989,6.481987074428715E-6,560000.0,83.50071428571428,75.2513883304796,75.25343560927661,75.22078326096809,560000.0,1757272.0,227.0,104.0,104.0,11.0,0.0,0.0,1.0
570000.0,29.186779897,6.759150312026252E-6,570000.0,83.51017543859649,75.26536246049857,75.26643474782773,75.232674571805,570000.0,1786376.0,229.0,105.0,105.0,11.0,0.0,0.0,1.0
580000.0,29.790795625,7.042460925135423E-6,580000.0,83.5243103448276,75.2863341921713,75.28763722409714,75.24615516129283,580000.0,1813080.0,231.0,106.0,106.0,11.0,0.0,0.0,1.0
590000.0,30.394566109,7.3334912918873475E-6,590000.0,83.53728813559323,75.30580068340376,75.31036796778884,75.2665473240864,590000.0,1863240.0,239.0,110.0,110.0,11.0,0.0,0.0,1.0
600000.0,30.985304255,7.622856310157069E-6,600000.0,83.54566666666666,75.31837615398761,75.32608722817733,75.2774605845704,600000.0,1893448.0,243.0,112.0,112.0,11.0,0.0,0.0,1.0
610000.0,31.573089103,7.916084643499078E-6,610000.0,83.56295081967214,75.34428026516258,75.35517299013873,75.3031501008653,610000.0,1928368.0,247.0,114.0,114.0,11.0,0.0,0.0,1.0
620000.0,32.163117101,8.21504542894753E-6,620000.0,83.56612903225806,75.34893588695512,75.35912938331319,75.31106507226887,620000.0,1958592.0,251.0,116.0,116.0,11.0,0.0,0.0,1.0
630000.0,32.749075298,8.517236323817071E-6,630000.0,83.57126984126985,75.35666814140075,75.36517502457511,75.32200302332346,630000.0,1993504.0,255.0,118.0,118.0,11.0,0.0,0.0,1.0
640000.0,33.329249715,8.82143464580784E-6,640000.0,83.57796875,75.36677183192806,75.37805223738985,75.32857749828051,640000.0,2026752.0,259.0,120.0,120.0,11.0,0.0,0.0,1.0
650000.0,33.910872866,9.136290847916867E-6,650000.0,83.58523076923076,75.37751634742065,75.39032136786045,75.3364493326491,650000.0,2092536.0,269.0,125.0,125.0,12.0,0.0,0.0,1.0
660000.0,34.482896936,9.449057138036343E-6,660000.0,83.59363636363636,75.39006330076562,75.4020267737678,75.35056728160112,660000.0,2113528.0,271.0,126.0,126.0,12.0,0.0,0.0,1.0
670000.0,35.085277395,9.781611707376447E-6,670000.0,83.60134328358208,75.40175115866315,75.41364757271559,75.36568850782945,670000.0,2134000.0,273.0,127.0,127.0,12.0,0.0,0.0,1.0
680000.0,35.665770033,1.010442784090845E-5,680000.0,83.61691176470588,75.42489669095356,75.43537411966008,75.38440802600209,680000.0,2149616.0,275.0,128.0,128.0,12.0,0.0,0.0,1.0
690000.0,36.225822212,1.04200368520289E-5,690000.0,83.62884057971014,75.44270746974011,75.45403974776292,75.40288952519896,690000.0,2178328.0,279.0,130.0,130.0,12.0,0.0,0.0,1.0
700000.0,36.793693575,1.0741459045071304E-5,700000.0,83.63014285714286,75.44450018201229,75.45259604076202,75.40628594976046,700000.0,2187904.0,279.0,130.0,130.0,12.0,0.0,0.0,1.0
710000.0,37.367309081,1.1067229427804435E-5,710000.0,83.64352112676056,75.46474950152702,75.46956587863528,75.43183784687184,710000.0,2195296.0,279.0,130.0,130.0,12.0,0.0,0.0,1.0
720000.0,37.931545693,1.1388359940914529E-5,720000.0,83.66222222222223,75.4930003107921,75.50007081385954,75.46138200782268,720000.0,2200000.0,279.0,130.0,130.0,12.0,0.0,0.0,1.0
730000.0,38.523405535,1.1732378969139287E-5,730000.0,83.67547945205479,75.51297191607718,75.51992604765817,75.48517825183599,730000.0,2246808.0,287.0,134.0,134.0,12.0,0.0,0.0,1.0
740000.0,39.09624193,1.2070412366448676E-5,740000.0,83.67783783783784,75.5166461736608,75.52075944338831,75.48797168566873,740000.0,2281032.0,291.0,136.0,136.0,12.0,0.0,0.0,1.0
750000.0,39.669224496,1.241407941686818E-5,750000.0,83.68786666666666,75.53178714537971,75.5367415782012,75.50250099118546,750000.0,2318456.0,297.0,139.0,139.0,12.0,0.0,0.0,1.0
760000.0,40.233407824,1.275550816476652E-5,760000.0,83.69276315789473,75.53914078225888,75.54543535182727,75.51103075570309,760000.0,2339280.0,299.0,140.0,140.0,12.0,0.0,0.0,1.0
770000.0,40.819907478,1.3114644415109048E-5,770000.0,83.70532467532468,75.55799137849712,75.56358834630763,75.53065761759889,770000.0,2366976.0,303.0,142.0,142.0,12.0,0.0,0.0,1.0
780000.0,41.404172246,1.3474864411919007E-5,780000.0,83.71628205128205,75.57444533332469,75.58184244018165,75.54945530917149,780000.0,2383200.0,307.0,144.0,144.0,12.0,0.0,0.0,1.0
790000.0,41.990685662,1.3843332682798345E-5,790000.0,83.73493670886076,75.60249530829668,75.61274649357551,75.58164946533668,790000.0,2428424.0,311.0,146.0,146.0,12.0,0.0,0.0,1.0
800000.0,42.582295946,1.4227409830165496E-5,800000.0,83.745125,75.61776193857278,75.6274517521418,75.59625796402466,800000.0,2509488.0,325.0,153.0,153.0,12.0,0.0,0.0,1.0
810000.0,43.148338127,1.4603690534755677E-5,810000.0,83.75407407407407,75.63106515265939,75.64103513383435,75.60988267566215,810000.0,2569600.0,333.0,157.0,157.0,12.0,0.0,0.0,1.0
820000.0,43.708031668,1.4983577871053128E-5,820000.0,83.7480487804878,75.6220119120816,75.62877525753589,75.6038355502345,820000.0,2623656.0,339.0,160.0,160.0,12.0,0.0,0.0,1.0
830000.0,44.258018076,1.5359027873537103E-5,830000.0,83.75879518072288,75.63801149578761,75.64125962454125,75.61720300186124,830000.0,2638776.0,339.0,160.0,160.0,12.0,0.0,0.0,1.0
840000.0,44.838878475,1.57599455672334E-5,840000.0,83.76547619047619,75.64786275070622,75.6546918766257,75.62366383286025,840000.0,2668000.0,343.0,162.0,162.0,12.0,0.0,0.0,1.0
850000.0,45.441827497,1.6181085619480645E-5,850000.0,83.7735294117647,75.65998835958308,75.6697542896556,75.6341653431886,850000.0,2699904.0,347.0,164.0,164.0,12.0,0.0,0.0,1.0
860000.0,46.069253944,1.6624498269780374E-5,860000.0,83.77616279069767,75.66400688905495,75.6728859689959,75.63682144553404,860000.0,2731792.0,351.0,166.0,166.0,12.0,0.0,0.0,1.0
870000.0,46.649383666,1.704219605078379E-5,870000.0,83.78252873563218,75.67356444088378,75.68041809300226,75.64755124056096,870000.0,2783168.0,359.0,170.0,170.0,12.0,0.0,0.0,1.0
880000.0,47.244542025,1.747637688716122E-5,880000.0,83.78522727272727,75.6777028883308,75.68672354361448,75.65125096838706,880000.0,2819944.0,363.0,172.0,172.0,12.0,0.0,0.0,1.0
890000.0,47.860169562,1.7930117983564514E-5,890000.0,83.79775280898876,75.69655113780226,75.7083656211044,75.66688266105082,890000.0,2849000.0,367.0,174.0,174.0,12.0,0.0,0.0,1.0
900000.0,48.450056604,1.836827149905713E-5,900000.0,83.80588888888889,75.70881388054664,75.72186260040445,75.68163729771128,900000.0,2871176.0,369.0,175.0,175.0,12.0,0.0,0.0,1.0
910000.0,49.053213081,1.8821047217401414E-5,910000.0,83.81714285714285,75.72565827421704,75.73868475809361,75.69664373264064,910000.0,2901720.0,373.0,177.0,177.0,12.0,0.0,0.0,1.0
920000.0,49.669747296,1.9295215162960552E-5,920000.0,83.82369565217391,75.73551735678848,75.74877621124125,75.70911393810005,920000.0,2972880.0,385.0,183.0,183.0,13.0,0.0,0.0,1.0
930000.0,50.260362696,1.9752247244620434E-5,930000.0,83.82849462365591,75.74264197552229,75.7550599292295,75.71893082248398,930000.0,2991192.0,385.0,183.0,183.0,13.0,0.0,0.0,1.0
940000.0,50.873156013,2.02277727724318E-5,940000.0,83.84031914893617,75.76052301277751,75.77228329175784,75.73745511698336,940000.0,2999592.0,385.0,183.0,183.0,13.0,0.0,0.0,1.0
950000.0,51.469233038,2.0691571261780866E-5,950000.0,83.8558947368421,75.78375925663349,75.79586773729264,75.76040624540677,950000.0,3007664.0,385.0,183.0,183.0,13.0,0.0,0.0,1.0
960000.0,52.075213703,2.1167628155170165E-5,960000.0,83.86,75.78986761892521,75.8020611601405,75.76663752398798,960000.0,3036704.0,389.0,185.0,185.0,13.0,0.0,0.0,1.0
970000.0,52.690658761,2.16611903504229E-5,970000.0,83.87701030927836,75.81536360529812,75.82767638548854,75.79138171765048,970000.0,3099952.0,399.0,190.0,190.0,13.0,0.0,0.0,1.0
980000.0,53.281991497,2.2137585275574565E-5,980000.0,83.88571428571429,75.82863926175537,75.84024453491094,75.80726701166436,980000.0,3114136.0,405.0,193.0,193.0,13.0,0.0,0.0,1.0
990000.0,53.8948075,2.2646973928028604E-5,990000.0,83.88888888888889,75.83334810790852,75.84522772876994,75.81108686322119,990000.0,3213080.0,415.0,198.0,198.0,13.0,0.0,0.0,1.0
1000000.0,54.502203951,2.3157474301431117E-5,1000000.0,83.8943,75.84157332503571,75.8547902283988,75.81781191114314,1000000.0,3248824.0,419.0,200.0,200.0,13.0,0.0,0.0,1.0
