learning evaluation instances,evaluation time (cpu seconds),model cost (RAM-Hours),classified instances,classifications correct (percent),Kappa Statistic (percent),Kappa Temporal Statistic (percent),Kappa M Statistic (percent),model training instances,model serialized size (bytes),tree size (nodes),tree size (leaves),active learning leaves,tree depth,active leaf byte size estimate,inactive leaf byte size estimate,byte size estimate overhead
10000.0,0.860902268,1.036609501313832E-8,10000.0,80.60000000000001,70.90305270622534,71.07930828861062,70.7302353651177,10000.0,46544.0,5.0,3.0,3.0,2.0,0.0,0.0,1.0
20000.0,1.349118617,1.845042822173279E-8,20000.0,81.47999999999999,72.18658231772183,72.48551478235031,71.89468093178542,20000.0,64008.0,7.0,4.0,4.0,2.0,0.0,0.0,1.0
30000.0,1.933030171,3.510189078363073E-8,30000.0,81.31,71.94041943329583,72.08364451082898,71.61443831316762,30000.0,110232.0,11.0,6.0,6.0,3.0,0.0,0.0,1.0
40000.0,2.483550221,4.40504198662916E-8,40000.0,81.04249999999999,71.54612814370232,71.64385610649913,71.1957760388969,40000.0,62832.0,17.0,9.0,9.0,2.0,0.0,0.0,1.0
50000.0,2.885057316,5.0768742631528945E-8,50000.0,80.598,70.87950480252408,70.97247157390785,70.59411943013035,50000.0,64680.0,17.0,9.0,9.0,2.0,0.0,0.0,1.0
60000.0,3.352269717,6.406617657274423E-8,60000.0,80.57666666666667,70.84925084621614,70.95721085553367,70.5959529696725,60000.0,110016.0,23.0,12.0,12.0,3.0,0.0,0.0,1.0
70000.0,3.840041016,8.019486654257817E-8,70000.0,80.83571428571429,71.23996337659787,71.3213758898604,71.05092792403973,70000.0,127816.0,25.0,13.0,13.0,3.0,0.0,0.0,1.0
80000.0,4.301420042,1.041287500644703E-7,80000.0,80.895,71.33203197658428,71.4173508125596,71.17422956508618,80000.0,200520.0,35.0,18.0,18.0,4.0,0.0,0.0,1.0
90000.0,4.690556299,1.2517760305816723E-7,90000.0,81.12666666666667,71.68022845687192,71.76857745940465,71.54535555741687,90000.0,209088.0,35.0,18.0,18.0,4.0,0.0,0.0,1.0
100000.0,5.115956061,1.500914390494985E-7,100000.0,81.293,71.9309149580636,71.98712189278228,71.80515154712205,100000.0,226384.0,37.0,19.0,19.0,4.0,0.0,0.0,1.0
110000.0,5.582399765,1.8196744657098214E-7,110000.0,81.45272727272727,72.17218674697926,72.20473835506328,72.06277044421319,110000.0,264160.0,43.0,22.0,22.0,5.0,0.0,0.0,1.0
120000.0,6.071026149,2.1848014310849004E-7,120000.0,81.58333333333333,72.3679184501404,72.35841504902942,72.2386222317133,120000.0,288848.0,45.0,23.0,23.0,5.0,0.0,0.0,1.0
130000.0,6.562434767,2.60259410456508E-7,130000.0,81.70615384615385,72.55379849035322,72.52922422954305,72.42890432080875,130000.0,328640.0,51.0,26.0,26.0,5.0,0.0,0.0,1.0
140000.0,7.024905558,3.02190414788098E-7,140000.0,81.80071428571428,72.69631505282223,72.68282745976778,72.57255425421975,140000.0,350472.0,53.0,27.0,27.0,5.0,0.0,0.0,1.0
150000.0,7.485679802,3.4626963880919334E-7,150000.0,81.94533333333334,72.91452176955919,72.89360424381944,72.81114781089683,150000.0,369784.0,55.0,28.0,28.0,5.0,0.0,0.0,1.0
160000.0,7.947075526,3.943157960969582E-7,160000.0,82.02625,73.03688732318939,73.02605661545388,72.95299362338469,160000.0,402520.0,59.0,30.0,30.0,6.0,0.0,0.0,1.0
170000.0,8.439325014,4.531207968506921E-7,170000.0,82.14470588235294,73.21513323721436,73.1959309102469,73.14233131005679,170000.0,461776.0,67.0,34.0,34.0,7.0,0.0,0.0,1.0
180000.0,8.919899852,5.143941512043402E-7,180000.0,82.23222222222222,73.34752390873963,73.32566014445612,73.29113184069213,180000.0,492848.0,71.0,36.0,36.0,7.0,0.0,0.0,1.0
190000.0,9.37242991,5.758267889431327E-7,190000.0,82.33,73.49446985488852,73.48125212281104,73.44937484677618,190000.0,524752.0,75.0,38.0,38.0,7.0,0.0,0.0,1.0
200000.0,9.825762219,6.399287352718103E-7,200000.0,82.414,73.6200953503026,73.60113485397761,73.57356454836432,200000.0,546584.0,77.0,39.0,39.0,7.0,0.0,0.0,1.0
210000.0,10.29047268,7.138347915755151E-7,210000.0,82.43238095238095,73.64711152157486,73.63143185927997,73.59897521773046,210000.0,614752.0,87.0,44.0,44.0,7.0,0.0,0.0,1.0
220000.0,10.749697167,7.879195336978449E-7,220000.0,82.49409090909091,73.74020339782412,73.71323654879156,73.70480117981211,220000.0,623600.0,89.0,45.0,45.0,7.0,0.0,0.0,1.0
230000.0,11.216801768,8.675233192738208E-7,230000.0,82.55956521739131,73.83849390661533,73.82905012624533,73.81110937010342,230000.0,658752.0,91.0,46.0,46.0,7.0,0.0,0.0,1.0
240000.0,11.667295579,9.447662021003478E-7,240000.0,82.61458333333334,73.92086314307285,73.9127444605612,73.88890974855757,240000.0,662784.0,91.0,46.0,46.0,7.0,0.0,0.0,1.0
250000.0,12.13019459,1.0274518157747678E-6,250000.0,82.6952,74.04176486781861,74.03864618338933,74.0169728710338,250000.0,690472.0,95.0,48.0,48.0,7.0,0.0,0.0,1.0
260000.0,12.590060958,1.1120531197882321E-6,260000.0,82.75038461538462,74.12397132468438,74.12910929469247,74.09324329788525,260000.0,711128.0,97.0,49.0,49.0,7.0,0.0,0.0,1.0
270000.0,13.058995375,1.201540875642161E-6,270000.0,82.80111111111111,74.20025632474038,74.20009000550033,74.16722296395194,270000.0,737656.0,101.0,51.0,51.0,8.0,0.0,0.0,1.0
280000.0,13.546677805,1.2984871531247203E-6,280000.0,82.85178571428573,74.27689251247182,74.28089345974612,74.24585380505911,280000.0,768416.0,103.0,52.0,52.0,8.0,0.0,0.0,1.0
290000.0,14.047255661,1.401732721013669E-6,290000.0,82.90068965517241,74.3506698656363,74.35218421243187,74.32363159993164,290000.0,797264.0,109.0,55.0,55.0,8.0,0.0,0.0,1.0
300000.0,14.515695498,1.5036789968185542E-6,300000.0,82.93266666666666,74.39885384817686,74.40079194456388,74.37632304589562,300000.0,841240.0,115.0,58.0,58.0,8.0,0.0,0.0,1.0
310000.0,14.980532903,1.6092829707620044E-6,310000.0,82.95935483870967,74.43899122080917,74.43907348536534,74.41319784169177,310000.0,878176.0,119.0,60.0,60.0,8.0,0.0,0.0,1.0
320000.0,15.463308433,1.723428436160543E-6,320000.0,83.00531249999999,74.50797053207707,74.51234943994001,74.48029582078064,320000.0,913936.0,125.0,63.0,63.0,9.0,0.0,0.0,1.0
330000.0,15.963133803,1.8457935491827007E-6,330000.0,83.02787878787879,74.54192135190921,74.5536160507401,74.52097170412155,330000.0,946328.0,129.0,65.0,65.0,9.0,0.0,0.0,1.0
340000.0,16.446788755,1.969197757965281E-6,340000.0,83.04882352941176,74.57303038133686,74.58504577284674,74.5499185282987,340000.0,986272.0,135.0,68.0,68.0,9.0,0.0,0.0,1.0
350000.0,16.929400672,2.09316585354282E-6,350000.0,83.08171428571428,74.62225838501332,74.63231986565162,74.60152697949731,350000.0,992920.0,139.0,70.0,70.0,9.0,0.0,0.0,1.0
360000.0,17.449733762,2.2370957531319994E-6,360000.0,83.09166666666667,74.63694924340768,74.65112502030158,74.61380621913786,360000.0,1069232.0,145.0,73.0,73.0,9.0,0.0,0.0,1.0
370000.0,18.040113276,2.4096311461318804E-6,370000.0,83.11351351351351,74.66970985018258,74.69574549946338,74.65036738303994,370000.0,1129664.0,153.0,77.0,77.0,9.0,0.0,0.0,1.0
380000.0,18.569545162,2.579757376028587E-6,380000.0,83.1278947368421,74.69120782591841,74.71626087436607,74.66720929956891,380000.0,1242120.0,163.0,82.0,82.0,9.0,0.0,0.0,1.0
390000.0,19.11193824,2.757214083071602E-6,390000.0,83.15358974358973,74.72968178578074,74.75281576752963,74.69476262739086,390000.0,1264680.0,169.0,85.0,85.0,10.0,0.0,0.0,1.0
400000.0,19.665952909,2.9435146328280433E-6,400000.0,83.18075,74.77054039604984,74.79431423090756,74.73249730525542,400000.0,1299856.0,169.0,85.0,85.0,10.0,0.0,0.0,1.0
410000.0,20.256273989,3.145923841079248E-6,410000.0,83.20634146341463,74.80912630008395,74.82513902955361,74.77672193363568,410000.0,1325392.0,171.0,86.0,86.0,10.0,0.0,0.0,1.0
420000.0,20.810049889,3.3212023036864546E-6,420000.0,83.2552380952381,74.88231168149896,74.90463633346775,74.84278529371785,420000.0,1223480.0,162.0,75.0,75.0,10.0,0.0,0.0,1.0
430000.0,21.338400118,3.494170628216244E-6,430000.0,83.27372093023256,74.91015155909132,74.93063688584016,74.87265663757624,430000.0,1265456.0,168.0,78.0,78.0,10.0,0.0,0.0,1.0
440000.0,21.868063703,3.670212933665661E-6,440000.0,83.29386363636364,74.94021401799948,74.95314810650203,74.90029365567166,440000.0,1284752.0,170.0,79.0,79.0,10.0,0.0,0.0,1.0
450000.0,22.388223371,3.847841781827905E-6,450000.0,83.32155555555556,74.98175556922395,74.9980845400731,74.9424082371245,450000.0,1320016.0,174.0,81.0,81.0,10.0,0.0,0.0,1.0
460000.0,22.918799586,4.03443912290955E-6,460000.0,83.3254347826087,74.98738469869313,75.01669288671312,74.93939294932532,460000.0,1359440.0,180.0,84.0,84.0,11.0,0.0,0.0,1.0
470000.0,23.44738343,4.223045510105261E-6,470000.0,83.35212765957448,75.02734796461351,75.05531220311535,74.98249462049299,470000.0,1379256.0,182.0,85.0,85.0,11.0,0.0,0.0,1.0
480000.0,23.977357891,4.413484038528614E-6,480000.0,83.36458333333333,75.04601370975152,75.0740598534723,75.00054789030924,480000.0,1389000.0,182.0,85.0,85.0,11.0,0.0,0.0,1.0
490000.0,24.489532753,4.601484582915753E-6,490000.0,83.39510204081633,75.09160557417658,75.11233463332569,75.0415646721759,490000.0,1418872.0,186.0,87.0,87.0,11.0,0.0,0.0,1.0
500000.0,24.989999363,4.787710591054786E-6,500000.0,83.411,75.11550058918257,75.14048942770225,75.06605863662188,500000.0,1438360.0,188.0,88.0,88.0,11.0,0.0,0.0,1.0
510000.0,25.501092747,4.9829945730346725E-6,510000.0,83.41196078431372,75.11709120242307,75.14352872043484,75.07108948877448,510000.0,1476960.0,194.0,91.0,91.0,11.0,0.0,0.0,1.0
520000.0,26.001864078,5.181708575896593E-6,520000.0,83.41480769230769,75.12136025084571,75.15083586407196,75.07874311539551,520000.0,1533880.0,202.0,95.0,95.0,11.0,0.0,0.0,1.0
530000.0,26.48909531,5.376235503641671E-6,530000.0,83.42283018867924,75.13332850757727,75.1596714683555,75.0856387745148,530000.0,1543288.0,202.0,95.0,95.0,11.0,0.0,0.0,1.0
540000.0,26.995281458,5.581694038146591E-6,540000.0,83.43111111111111,75.1457054667152,75.17307975126461,75.09464214136196,540000.0,1568976.0,206.0,97.0,97.0,11.0,0.0,0.0,1.0
550000.0,27.52392289,5.8023063828539405E-6,550000.0,83.44181818181818,75.1616798223727,75.18819320897006,75.1083049758791,550000.0,1613136.0,212.0,100.0,100.0,12.0,0.0,0.0,1.0
560000.0,28.077625875,6.036673143932026E-6,560000.0,83.45910714285715,75.18772752835761,75.21486214573167,75.13655848461018,560000.0,1636144.0,214.0,101.0,101.0,12.0,0.0,0.0,1.0
570000.0,28.62782833,6.2783273752436655E-6,570000.0,83.46368421052631,75.19470505736622,75.2197196947191,75.14562133968995,570000.0,1697752.0,222.0,105.0,105.0,12.0,0.0,0.0,1.0
580000.0,29.1727568,6.522139152758009E-6,580000.0,83.47379310344827,75.21005832735497,75.23594472189139,75.1649803733596,580000.0,1729488.0,226.0,107.0,107.0,12.0,0.0,0.0,1.0
590000.0,29.721774435,6.770688167435768E-6,590000.0,83.49474576271186,75.24136221700691,75.26756370987813,75.19498912340225,590000.0,1749960.0,228.0,108.0,108.0,12.0,0.0,0.0,1.0
600000.0,30.25489912,7.014171671638347E-6,600000.0,83.50933333333333,75.26345460555508,75.28963700161084,75.22082228282783,600000.0,1765400.0,230.0,109.0,109.0,12.0,0.0,0.0,1.0
610000.0,30.836823104,7.289544623641031E-6,610000.0,83.51459016393441,75.271233819656,75.29820682878898,75.22853518247096,610000.0,1829184.0,240.0,114.0,114.0,12.0,0.0,0.0,1.0
620000.0,31.422626401,7.568358503614563E-6,620000.0,83.53145161290323,75.2965750743439,75.32461883115471,75.25453139806262,620000.0,1839776.0,240.0,114.0,114.0,12.0,0.0,0.0,1.0
630000.0,31.991923627,7.851278772275285E-6,630000.0,83.54333333333334,75.3144393370868,75.34511418196347,75.27561759087689,630000.0,1921000.0,254.0,121.0,121.0,13.0,0.0,0.0,1.0
640000.0,32.548373911,8.135257574387924E-6,640000.0,83.55578125000001,75.33321166764546,75.36406261338553,75.29472246087974,640000.0,1972704.0,260.0,124.0,124.0,13.0,0.0,0.0,1.0
650000.0,33.119318989,8.435641223375077E-6,650000.0,83.56615384615384,75.34880288638318,75.37773577512188,75.31200887491912,650000.0,2033688.0,266.0,127.0,127.0,13.0,0.0,0.0,1.0
660000.0,33.696733117,8.748141234344517E-6,660000.0,83.57575757575758,75.36321712372708,75.38953328656437,75.32499755298637,660000.0,2092016.0,278.0,133.0,133.0,13.0,0.0,0.0,1.0
670000.0,34.280496106,9.076128675443772E-6,670000.0,83.58388059701493,75.37528990997491,75.40150246123635,75.33425727830925,670000.0,2171816.0,286.0,137.0,137.0,13.0,0.0,0.0,1.0
680000.0,34.8542139,9.40395549313847E-6,680000.0,83.59970588235294,75.39916449033143,75.42496507287318,75.36312886186852,680000.0,2208760.0,290.0,139.0,139.0,13.0,0.0,0.0,1.0
690000.0,35.41126019,9.7258126757418E-6,690000.0,83.61405797101449,75.42071586377122,75.44281472696981,75.37966055928888,690000.0,2233440.0,292.0,140.0,140.0,13.0,0.0,0.0,1.0
700000.0,35.989212053,1.0061256069089212E-5,700000.0,83.62285714285714,75.43388197660342,75.46122578283698,75.39697698724568,700000.0,2243520.0,292.0,140.0,140.0,13.0,0.0,0.0,1.0
710000.0,36.57361637,1.0407067616385483E-5,710000.0,83.63112676056338,75.44627053497292,75.47423844343854,75.4093192330316,710000.0,2287328.0,298.0,143.0,143.0,13.0,0.0,0.0,1.0
720000.0,37.14873787,1.0742628682751594E-5,720000.0,83.64430555555555,75.46618725443744,75.49667909578187,75.43380576683174,720000.0,2255352.0,295.0,138.0,138.0,14.0,0.0,0.0,1.0
730000.0,37.719254749,1.1076868072753382E-5,730000.0,83.65232876712328,75.4782721495905,75.5126747731591,75.44480544198649,730000.0,2264600.0,295.0,138.0,138.0,14.0,0.0,0.0,1.0
740000.0,38.296245919,1.1417582497634164E-5,740000.0,83.65837837837837,75.48726615288638,75.52594883294509,75.4553610210154,740000.0,2282568.0,297.0,139.0,139.0,14.0,0.0,0.0,1.0
750000.0,38.88567989,1.1769944554181456E-5,750000.0,83.66453333333334,75.49649404523875,75.53633328541079,75.46785206543723,750000.0,2310768.0,301.0,141.0,141.0,14.0,0.0,0.0,1.0
760000.0,39.480886906,1.2132812491344322E-5,760000.0,83.67447368421053,75.5111784386617,75.54956045017155,75.47871972489303,760000.0,2356584.0,307.0,144.0,144.0,14.0,0.0,0.0,1.0
770000.0,40.06954698,1.2493250938776025E-5,770000.0,83.68467532467533,75.52646061991027,75.56232067305353,75.49310116791482,770000.0,2366840.0,307.0,144.0,144.0,14.0,0.0,0.0,1.0
780000.0,40.68736676,1.2875835094610367E-5,780000.0,83.6975641025641,75.54574486079159,75.5840968963372,75.50932756050493,780000.0,2393688.0,311.0,146.0,146.0,14.0,0.0,0.0,1.0
790000.0,41.307264482,1.3262345029074414E-5,790000.0,83.7032911392405,75.5543399412194,75.5945723590675,75.51953299550298,790000.0,2410144.0,313.0,147.0,147.0,14.0,0.0,0.0,1.0
800000.0,41.907195823,1.3645187793364425E-5,800000.0,83.716625,75.57419916990688,75.6118702739539,75.53607043189868,800000.0,2466728.0,321.0,151.0,151.0,14.0,0.0,0.0,1.0
810000.0,42.4714463,1.4010637458529963E-5,810000.0,83.72543209876542,75.58730970306257,75.62646875560459,75.54766595066648,810000.0,2503560.0,329.0,155.0,155.0,14.0,0.0,0.0,1.0
820000.0,43.074884568,1.4407375187598603E-5,820000.0,83.73012195121952,75.5942974567987,75.6308599422431,75.55764005811366,820000.0,2541400.0,331.0,156.0,156.0,14.0,0.0,0.0,1.0
830000.0,43.667512266,1.4802896284474791E-5,830000.0,83.73819277108434,75.60639270628883,75.64336925000859,75.57076303243765,830000.0,2579824.0,337.0,159.0,159.0,14.0,0.0,0.0,1.0
840000.0,44.258316996,1.5202327647127384E-5,840000.0,83.74619047619048,75.6183174654258,75.65849292746326,75.58235402474814,840000.0,2613368.0,341.0,161.0,161.0,15.0,0.0,0.0,1.0
850000.0,44.858370821,1.5614291058642702E-5,850000.0,83.7524705882353,75.62780129107828,75.67083826596765,75.59184957521151,850000.0,2653816.0,347.0,164.0,164.0,15.0,0.0,0.0,1.0
860000.0,45.434576452,1.6012384729609853E-5,860000.0,83.75697674418605,75.6345204732596,75.67812737773338,75.59816719858435,860000.0,2670608.0,349.0,165.0,165.0,15.0,0.0,0.0,1.0
870000.0,46.017221596,1.6423248925457712E-5,870000.0,83.7680459770115,75.65129820707247,75.69477073899476,75.61608166535437,870000.0,2725816.0,357.0,169.0,169.0,15.0,0.0,0.0,1.0
880000.0,46.588090868,1.682754589042468E-5,880000.0,83.77193181818183,75.65718463761286,75.70437691076218,75.62379874574546,880000.0,2737576.0,357.0,169.0,169.0,15.0,0.0,0.0,1.0
890000.0,47.190256952,1.726196618974562E-5,890000.0,83.78337078651685,75.6742668222021,75.71768664563618,75.64026829325925,890000.0,2788664.0,367.0,174.0,174.0,16.0,0.0,0.0,1.0
900000.0,47.79156075,1.7706138244023067E-5,900000.0,83.785,75.67668548268938,75.72168653051446,75.64413246147221,900000.0,2855352.0,375.0,178.0,178.0,16.0,0.0,0.0,1.0
910000.0,48.370865096,1.8139797794384256E-5,910000.0,83.79395604395604,75.69012165557454,75.7349045520809,75.65675990195027,910000.0,2893640.0,379.0,180.0,180.0,16.0,0.0,0.0,1.0
920000.0,48.948306518,1.8573317614420438E-5,920000.0,83.80195652173913,75.70208297698505,75.74764347463807,75.66824881338997,920000.0,2902040.0,379.0,180.0,180.0,16.0,0.0,0.0,1.0
930000.0,49.573287193,1.9050776412900347E-5,930000.0,83.81096774193549,75.71560222953404,75.75871746197356,75.68547019589477,930000.0,2953056.0,387.0,184.0,184.0,16.0,0.0,0.0,1.0
940000.0,50.202517547,1.9536591849669673E-5,940000.0,83.81414893617021,75.7204012327699,75.76192532008749,75.69179496028168,940000.0,2984448.0,391.0,186.0,186.0,16.0,0.0,0.0,1.0
950000.0,50.803314559,2.000283066707381E-5,950000.0,83.81873684210527,75.7273401018053,75.76715840051453,75.70135117192194,950000.0,2999736.0,391.0,186.0,186.0,16.0,0.0,0.0,1.0
960000.0,51.401009936,2.0469544706220647E-5,960000.0,83.83104166666666,75.74581561406427,75.78538156018631,75.7202341288835,960000.0,3018376.0,393.0,187.0,187.0,16.0,0.0,0.0,1.0
970000.0,52.036283146,2.097328905421898E-5,970000.0,83.83639175257733,75.75383226306312,75.79255837364381,75.72731213425395,970000.0,3065152.0,403.0,192.0,192.0,16.0,0.0,0.0,1.0
980000.0,52.646412783,2.1465206130216363E-5,980000.0,83.84214285714286,75.7622847605902,75.79987254001462,75.73341343169902,980000.0,3116536.0,409.0,195.0,195.0,16.0,0.0,0.0,1.0
990000.0,53.25407308,2.196514670659257E-5,990000.0,83.8470707070707,75.76966567754849,75.80792051048533,75.74293095000812,990000.0,3180240.0,415.0,198.0,198.0,16.0,0.0,0.0,1.0
1000000.0,53.863303935,2.247433298194041E-5,1000000.0,83.8576,75.78550384643829,75.82361953772167,75.75812184913701,1000000.0,3230704.0,423.0,202.0,202.0,16.0,0.0,0.0,1.0
