learning evaluation instances,evaluation time (cpu seconds),model cost (RAM-Hours),classified instances,classifications correct (percent),Kappa Statistic (percent),Kappa Temporal Statistic (percent),Kappa M Statistic (percent),model training instances,model serialized size (bytes),tree size (nodes),tree size (leaves),active learning leaves,tree depth,active leaf byte size estimate,inactive leaf byte size estimate,byte size estimate overhead
10000.0,0.639215826,6.351361631986996E-9,10000.0,80.13,70.12395326706675,70.52803322456245,69.78406326034064,10000.0,38408.0,5.0,3.0,3.0,2.0,0.0,0.0,1.0
20000.0,0.893300998,9.717366692502466E-9,20000.0,81.125,71.68317828667011,71.75458286569398,71.25123752951032,20000.0,51208.0,7.0,4.0,4.0,2.0,0.0,0.0,1.0
30000.0,1.09777652,1.2426165621562137E-8,30000.0,81.13666666666667,71.68983263910195,71.65113716060515,71.38161221806413,30000.0,51208.0,7.0,4.0,4.0,2.0,0.0,0.0,1.0
40000.0,1.319628346,1.6051580924573873E-8,40000.0,81.255,71.86229889800812,71.85012764679382,71.59418093650554,40000.0,63168.0,9.0,5.0,5.0,3.0,0.0,0.0,1.0
50000.0,1.567511235,2.253256063029377E-8,50000.0,81.368,72.0338734922224,72.14531320077738,71.83115626511851,50000.0,101064.0,15.0,8.0,8.0,3.0,0.0,0.0,1.0
60000.0,1.821658711,2.9963677704915816E-8,60000.0,81.52166666666668,72.26960135527673,72.32332309842981,72.08710976837867,60000.0,113024.0,17.0,9.0,9.0,4.0,0.0,0.0,1.0
70000.0,2.049518611,3.818473450711411E-8,70000.0,81.63714285714285,72.44504421111318,72.48656863374644,72.28905273142759,70000.0,139464.0,21.0,11.0,11.0,4.0,0.0,0.0,1.0
80000.0,2.266138899,4.735957439844186E-8,80000.0,81.82249999999999,72.72474604871978,72.74328984855299,72.57261410788382,80000.0,163720.0,25.0,13.0,13.0,4.0,0.0,0.0,1.0
90000.0,2.465040036,5.585308552827686E-8,90000.0,81.92333333333333,72.87467211177791,72.92290792889955,72.72178534900489,90000.0,165064.0,25.0,13.0,13.0,4.0,0.0,0.0,1.0
100000.0,2.657284649,6.46989414879245E-8,100000.0,82.056,73.07610001619064,73.1441570881226,72.94901558778302,100000.0,177864.0,27.0,14.0,14.0,4.0,0.0,0.0,1.0
110000.0,2.846303244,7.398119190503118E-8,110000.0,82.23272727272727,73.34442211853676,73.42579373172887,73.24572210814509,110000.0,189824.0,29.0,15.0,15.0,4.0,0.0,0.0,1.0
120000.0,3.109965365,8.9548254923479E-8,120000.0,82.29333333333332,73.43690842968469,73.50491296324006,73.36442154613717,120000.0,228224.0,35.0,18.0,18.0,5.0,0.0,0.0,1.0
130000.0,3.327244796,1.0366424623963733E-7,130000.0,82.38307692307693,73.57216078411057,73.6443564721046,73.51696385207799,130000.0,251128.0,39.0,20.0,20.0,5.0,0.0,0.0,1.0
140000.0,3.54714767,1.1784235804474602E-7,140000.0,82.475,73.71091858768469,73.7672140963134,73.67235033425973,140000.0,249224.0,41.0,21.0,21.0,5.0,0.0,0.0,1.0
150000.0,3.732486192,1.3104548486964568E-7,150000.0,82.48533333333333,73.7258756547211,73.76158517098115,73.67693325050597,150000.0,275368.0,43.0,22.0,22.0,6.0,0.0,0.0,1.0
160000.0,3.90644041,1.434376178012995E-7,160000.0,82.4975,73.74434520916637,73.76748194430134,73.67946163389601,160000.0,275368.0,43.0,22.0,22.0,6.0,0.0,0.0,1.0
170000.0,4.080172554,1.5641187400407672E-7,170000.0,82.60058823529411,73.89851421526161,73.92933005455811,73.83431376885311,170000.0,288672.0,45.0,23.0,23.0,6.0,0.0,0.0,1.0
180000.0,4.264832897,1.713449448805716E-7,180000.0,82.63722222222222,73.95332936318067,73.98098504778713,73.89143219942524,180000.0,312592.0,49.0,25.0,25.0,6.0,0.0,0.0,1.0
190000.0,4.436893186,1.8582883257200732E-7,190000.0,82.63842105263159,73.95492483224558,73.98070658389796,73.88574866606503,190000.0,325392.0,51.0,26.0,26.0,6.0,0.0,0.0,1.0
200000.0,4.606417463,2.0013608002979098E-7,200000.0,82.7245,74.08434773306372,74.11212012228017,74.02219515496007,200000.0,326232.0,51.0,26.0,26.0,6.0,0.0,0.0,1.0
210000.0,4.783667185,2.1568226689548746E-7,210000.0,82.76285714285714,74.14191924254258,74.17122144049776,74.07168643630736,210000.0,339032.0,53.0,27.0,27.0,6.0,0.0,0.0,1.0
220000.0,4.959292328,2.3176675377910955E-7,220000.0,82.80818181818181,74.21054969440122,74.24762371653458,74.14552116373181,220000.0,354016.0,55.0,28.0,28.0,6.0,0.0,0.0,1.0
230000.0,5.150421781,2.5206069789436746E-7,230000.0,82.82695652173912,74.23878786125545,74.27695032920658,74.17553678374348,230000.0,410432.0,65.0,33.0,33.0,7.0,0.0,0.0,1.0
240000.0,5.333249108,2.737672510042041E-7,240000.0,82.82625,74.23755752945699,74.26800184794415,74.16299435205327,240000.0,458936.0,73.0,37.0,37.0,7.0,0.0,0.0,1.0
250000.0,5.513922676,2.9645278852663933E-7,250000.0,82.856,74.28321216599898,74.31579704326043,74.22032420077592,250000.0,485352.0,77.0,39.0,39.0,7.0,0.0,0.0,1.0
260000.0,5.691113119,3.2042307231536136E-7,260000.0,82.90576923076924,74.35765548138457,74.38564743308976,74.29453849312614,260000.0,522920.0,83.0,42.0,42.0,7.0,0.0,0.0,1.0
270000.0,5.857838707,3.4346385707234963E-7,270000.0,82.94518518518518,74.41656564150118,74.4416322543404,74.36180104338919,270000.0,534192.0,85.0,43.0,43.0,7.0,0.0,0.0,1.0
280000.0,6.029598463,3.677616379509183E-7,280000.0,82.975,74.46143189417919,74.48687414702026,74.40894157057271,280000.0,546824.0,87.0,44.0,44.0,7.0,0.0,0.0,1.0
290000.0,6.200898591,3.9263608606667774E-7,290000.0,83.00413793103448,74.50463864959109,74.54079629744416,74.44297529231807,290000.0,561304.0,89.0,45.0,45.0,7.0,0.0,0.0,1.0
300000.0,6.368956807,4.170397769636226E-7,300000.0,83.05866666666667,74.58686454491983,74.62200651127489,74.53554321903123,300000.0,561304.0,89.0,45.0,45.0,7.0,0.0,0.0,1.0
310000.0,6.549895701,4.444335396332149E-7,310000.0,83.08354838709677,74.62413635804123,74.6544291072188,74.57443043252704,310000.0,585224.0,93.0,47.0,47.0,7.0,0.0,0.0,1.0
320000.0,6.722668608,4.7110231695577913E-7,320000.0,83.1028125,74.65338216693283,74.67092011205112,74.6083550913838,320000.0,596664.0,95.0,48.0,48.0,8.0,0.0,0.0,1.0
330000.0,6.904955034,5.005830028979521E-7,330000.0,83.12666666666667,74.68937970816604,74.70988722504576,74.64713060265541,330000.0,625152.0,101.0,51.0,51.0,8.0,0.0,0.0,1.0
340000.0,7.080247966,5.297035730681444E-7,340000.0,83.14970588235295,74.72400643647795,74.73083895326015,74.68159199582821,340000.0,642152.0,103.0,52.0,52.0,8.0,0.0,0.0,1.0
350000.0,7.250567692,5.587026053523147E-7,350000.0,83.17857142857143,74.7671540082844,74.7723620782003,74.72232121006554,350000.0,658144.0,105.0,53.0,53.0,8.0,0.0,0.0,1.0
360000.0,7.437845931,5.928897802569013E-7,360000.0,83.19277777777778,74.78840474833049,74.78937675519371,74.73748376887717,360000.0,705632.0,113.0,57.0,57.0,8.0,0.0,0.0,1.0
370000.0,7.606329599,6.243284488062685E-7,370000.0,83.21243243243244,74.81776583668433,74.82450025129295,74.75728155339807,370000.0,721288.0,115.0,58.0,58.0,8.0,0.0,0.0,1.0
380000.0,7.801832748,6.63671133463095E-7,380000.0,83.23105263157895,74.84616876223983,74.84714157709631,74.79101968153498,380000.0,777880.0,125.0,63.0,63.0,8.0,0.0,0.0,1.0
390000.0,7.971085902,6.978269471095606E-7,390000.0,83.25897435897436,74.88807589657476,74.88662633038568,74.83542235172594,390000.0,780064.0,125.0,63.0,63.0,8.0,0.0,0.0,1.0
400000.0,8.145723513,7.335262097320809E-7,400000.0,83.26875,74.90260802211668,74.9005209290464,74.85837290376871,400000.0,790176.0,127.0,64.0,64.0,8.0,0.0,0.0,1.0
410000.0,8.331541762,7.727004848620833E-7,410000.0,83.28731707317073,74.93064842235603,74.92635839038651,74.8939288462243,410000.0,814920.0,131.0,66.0,66.0,8.0,0.0,0.0,1.0
420000.0,8.521329865,8.13803632739743E-7,420000.0,83.30285714285715,74.95383120682766,74.95589569241979,74.91378940289324,420000.0,837160.0,135.0,68.0,68.0,8.0,0.0,0.0,1.0
430000.0,8.699949244,8.531718192305705E-7,430000.0,83.32767441860464,74.99106795017835,74.99302367763809,74.95064622867305,430000.0,851960.0,137.0,69.0,69.0,8.0,0.0,0.0,1.0
440000.0,8.89389828,8.959608497145978E-7,440000.0,83.35022727272727,75.02479589440753,75.02633417989057,74.98523200267701,440000.0,852800.0,137.0,69.0,69.0,8.0,0.0,0.0,1.0
450000.0,9.096754514,9.413426354248987E-7,450000.0,83.36733333333333,75.05021573143831,75.0538272329136,75.01485482331105,450000.0,864760.0,139.0,70.0,70.0,8.0,0.0,0.0,1.0
460000.0,9.297348466,9.87861897307866E-7,460000.0,83.38152173913043,75.07148543603327,75.07767341629365,75.03151884925171,460000.0,896432.0,145.0,73.0,73.0,9.0,0.0,0.0,1.0
470000.0,9.468588385,1.027797007305233E-6,470000.0,83.39829787234042,75.09657547827165,75.10544484644295,75.05873478089929,470000.0,901472.0,145.0,73.0,73.0,9.0,0.0,0.0,1.0
480000.0,9.653045123,1.071955871474329E-6,480000.0,83.41479166666666,75.12130653477433,75.12902701757018,75.087465655257,480000.0,925392.0,149.0,75.0,75.0,9.0,0.0,0.0,1.0
490000.0,9.835385184,1.116830312091553E-6,490000.0,83.43204081632653,75.14756854164928,75.1497601694578,75.11761839229834,490000.0,951304.0,153.0,77.0,77.0,9.0,0.0,0.0,1.0
500000.0,10.007866075,1.1593758332571615E-6,500000.0,83.4478,75.17122301744416,75.17673912195825,75.14124802883532,500000.0,953488.0,153.0,77.0,77.0,9.0,0.0,0.0,1.0
510000.0,10.183336883,1.2032925775039258E-6,510000.0,83.45901960784313,75.18793579343115,75.19494954247133,75.15125629620903,510000.0,967448.0,155.0,78.0,78.0,9.0,0.0,0.0,1.0
520000.0,10.366602117,1.2501739402652677E-6,520000.0,83.4875,75.23090911721877,75.23955903259387,75.19506819081295,520000.0,988832.0,159.0,80.0,80.0,9.0,0.0,0.0,1.0
530000.0,10.555985442,1.3002207083446243E-6,530000.0,83.49283018867925,75.23900265997557,75.24538722939496,75.20877078144171,530000.0,1021496.0,165.0,83.0,83.0,9.0,0.0,0.0,1.0
540000.0,10.728423167,1.3459317969480902E-6,540000.0,83.5024074074074,75.25334772780643,75.26384912911045,75.22505110057429,540000.0,1024688.0,165.0,83.0,83.0,9.0,0.0,0.0,1.0
550000.0,10.915827017,1.3968354432095215E-6,550000.0,83.50454545454545,75.25685534405837,75.26817233906252,75.23232069537869,550000.0,1049960.0,169.0,85.0,85.0,9.0,0.0,0.0,1.0
560000.0,11.10572859,1.4501967422833748E-6,560000.0,83.50874999999999,75.26322086330156,75.27376611136994,75.24068687247818,560000.0,1086176.0,175.0,88.0,88.0,9.0,0.0,0.0,1.0
570000.0,11.283766687,1.5007753304083582E-6,570000.0,83.52350877192983,75.28521475411334,75.29001007701152,75.26097985654339,570000.0,1098136.0,177.0,89.0,89.0,9.0,0.0,0.0,1.0
580000.0,11.4595695,1.5507549203097218E-6,580000.0,83.53,75.29479930031798,75.29847099071422,75.26706884498876,580000.0,1098928.0,179.0,90.0,90.0,9.0,0.0,0.0,1.0
590000.0,11.642907448,1.6041174596684237E-6,590000.0,83.54949152542372,75.32394298897506,75.32151847237407,75.29054447971852,590000.0,1125088.0,181.0,91.0,91.0,9.0,0.0,0.0,1.0
600000.0,11.839199126,1.6618064768384084E-6,600000.0,83.56516666666667,75.34734719804604,75.34818140682538,75.31318846384939,600000.0,1136040.0,183.0,92.0,92.0,9.0,0.0,0.0,1.0
610000.0,12.053125755,1.7279307024279151E-6,610000.0,83.58213114754098,75.37270895395277,75.37315634943664,75.33603904899348,610000.0,1194808.0,193.0,97.0,97.0,9.0,0.0,0.0,1.0
620000.0,12.238778234,1.7858245550811122E-6,620000.0,83.59564516129032,75.39294599957454,75.39035184293496,75.3577364598022,620000.0,1205408.0,195.0,98.0,98.0,9.0,0.0,0.0,1.0
630000.0,12.419996568,1.8430775142398723E-6,630000.0,83.60333333333332,75.40457468318942,75.39996284953585,75.3712821124158,630000.0,1221232.0,197.0,99.0,99.0,9.0,0.0,0.0,1.0
640000.0,12.596562296,1.8989603189272266E-6,640000.0,83.61812499999999,75.42673272273449,75.42588199998124,75.39110085649033,640000.0,1223416.0,197.0,99.0,99.0,9.0,0.0,0.0,1.0
650000.0,12.782712855,1.958387176348335E-6,650000.0,83.62846153846154,75.44245307112166,75.4411998883009,75.40993076930187,650000.0,1234016.0,199.0,100.0,100.0,9.0,0.0,0.0,1.0
660000.0,12.969532728,2.018646335685642E-6,660000.0,83.63545454545455,75.45309607780747,75.45251234124567,75.42139721594516,660000.0,1246816.0,201.0,101.0,101.0,9.0,0.0,0.0,1.0
670000.0,13.17026232,2.084590624119283E-6,670000.0,83.6434328358209,75.46505227286009,75.46395907264159,75.43023818918823,670000.0,1269896.0,205.0,103.0,103.0,9.0,0.0,0.0,1.0
680000.0,13.37017649,2.151921587965E-6,680000.0,83.65176470588234,75.477550056465,75.4716772979306,75.44469600751007,680000.0,1301888.0,211.0,106.0,106.0,10.0,0.0,0.0,1.0
690000.0,13.558916279,2.2155710570376074E-6,690000.0,83.65608695652173,75.48403786215428,75.47746670290839,75.44740829762775,690000.0,1303568.0,211.0,106.0,106.0,10.0,0.0,0.0,1.0
700000.0,13.75669118,2.2828965916288167E-6,700000.0,83.66985714285714,75.5048196190397,75.49934306835304,75.47090051542631,700000.0,1315864.0,213.0,107.0,107.0,10.0,0.0,0.0,1.0
710000.0,13.958534892,2.3523800236123406E-6,710000.0,83.68197183098592,75.52291773667041,75.51849245742709,75.48995548936314,710000.0,1330664.0,215.0,108.0,108.0,10.0,0.0,0.0,1.0
720000.0,14.154876697,2.419969458616587E-6,720000.0,83.69416666666667,75.541042445575,75.53406313104475,75.50542668652905,720000.0,1330664.0,215.0,108.0,108.0,10.0,0.0,0.0,1.0
730000.0,14.376949819,2.4999170806930463E-6,730000.0,83.69739726027397,75.54598765472214,75.53952842132958,75.51416367646576,730000.0,1391592.0,229.0,115.0,115.0,10.0,0.0,0.0,1.0
740000.0,14.568779332,2.5700154087098377E-6,740000.0,83.70283783783783,75.55412406093957,75.54958144023486,75.52094539461132,740000.0,1412520.0,229.0,115.0,115.0,10.0,0.0,0.0,1.0
750000.0,14.762347651,2.6414854524654025E-6,750000.0,83.71133333333334,75.56675573473248,75.5648008320749,75.5323538129992,750000.0,1427224.0,235.0,118.0,118.0,10.0,0.0,0.0,1.0
760000.0,14.971563696,2.7205411961300195E-6,760000.0,83.71105263157895,75.56652216157164,75.56447299076436,75.53752976396314,760000.0,1460632.0,239.0,120.0,120.0,10.0,0.0,0.0,1.0
770000.0,15.169177214,2.7972044756956545E-6,770000.0,83.72051948051949,75.58070907122806,75.58166716015522,75.55142505514739,770000.0,1499592.0,243.0,122.0,122.0,10.0,0.0,0.0,1.0
780000.0,15.39035435,2.8856114610816683E-6,780000.0,83.73012820512821,75.5952593589952,75.59636555934811,75.56921110334645,780000.0,1545072.0,251.0,126.0,126.0,10.0,0.0,0.0,1.0
790000.0,15.605640657,2.9735574364881527E-6,790000.0,83.7420253164557,75.61307339062799,75.61319232156758,75.58579604964272,790000.0,1579072.0,257.0,129.0,129.0,10.0,0.0,0.0,1.0
800000.0,15.811433537,3.0577594416706903E-6,800000.0,83.749,75.6234580681772,75.62490156815981,75.59621351623784,800000.0,1581592.0,257.0,129.0,129.0,10.0,0.0,0.0,1.0
810000.0,16.01608802,3.1428501874725227E-6,810000.0,83.76197530864198,75.64292817277831,75.64418075392527,75.61727079088892,810000.0,1607176.0,261.0,131.0,131.0,10.0,0.0,0.0,1.0
820000.0,16.209979573,3.2240819116472076E-6,820000.0,83.76817073170731,75.65220625291259,75.65578897696554,75.62426859619916,820000.0,1619456.0,263.0,132.0,132.0,10.0,0.0,0.0,1.0
830000.0,16.407231592,3.307417556735519E-6,830000.0,83.77710843373494,75.66565874868316,75.66986912503681,75.63716106432948,830000.0,1633096.0,265.0,133.0,133.0,10.0,0.0,0.0,1.0
840000.0,16.612156969,3.3951346622099414E-6,840000.0,83.78607142857143,75.67913020968209,75.68179951505368,75.65232470002718,840000.0,1654592.0,271.0,136.0,136.0,10.0,0.0,0.0,1.0
850000.0,16.810297075,3.4808130340117274E-6,850000.0,83.79682352941177,75.69526128121524,75.69979515608544,75.667424591754,850000.0,1671480.0,271.0,136.0,136.0,10.0,0.0,0.0,1.0
860000.0,17.02188942,3.572980525833817E-6,860000.0,83.80430232558139,75.706466075911,75.71029465107843,75.67818645041532,860000.0,1683760.0,273.0,137.0,137.0,10.0,0.0,0.0,1.0
870000.0,17.233319058,3.6651970399482564E-6,870000.0,83.81540229885057,75.72307880416984,75.73046799591847,75.69590800740829,870000.0,1685952.0,273.0,137.0,137.0,10.0,0.0,0.0,1.0
880000.0,17.432157276,3.7525801449807996E-6,880000.0,83.81931818181818,75.72894562887001,75.7358153611255,75.69983087669357,880000.0,1698752.0,275.0,138.0,138.0,10.0,0.0,0.0,1.0
890000.0,17.627843165,3.838620425392773E-6,890000.0,83.82606741573034,75.73915690722492,75.74660877447486,75.71309503322095,890000.0,1699592.0,275.0,138.0,138.0,10.0,0.0,0.0,1.0
900000.0,17.831046619,3.929179361102146E-6,900000.0,83.83355555555555,75.75031204049063,75.75792918218957,75.72204952102531,900000.0,1722672.0,279.0,140.0,140.0,10.0,0.0,0.0,1.0
910000.0,18.04685251,4.028448482034498E-6,910000.0,83.83956043956043,75.75933077040047,75.76858055225092,75.73079100194238,910000.0,1778088.0,289.0,145.0,145.0,10.0,0.0,0.0,1.0
920000.0,18.257590622,4.1271131592120325E-6,920000.0,83.84228260869565,75.76330582703874,75.77364111657255,75.731320670931,920000.0,1809760.0,295.0,148.0,148.0,10.0,0.0,0.0,1.0
930000.0,18.477603436,4.233456853831188E-6,930000.0,83.85182795698924,75.77774262967881,75.78848091572287,75.7488752741166,930000.0,1868384.0,305.0,153.0,153.0,10.0,0.0,0.0,1.0
940000.0,18.68132151,4.3330147479806025E-6,940000.0,83.85755319148936,75.78635313638577,75.79530354969461,75.7575999642129,940000.0,1889072.0,307.0,154.0,154.0,10.0,0.0,0.0,1.0
950000.0,18.892831189,4.437678336789288E-6,950000.0,83.86631578947369,75.7993665164179,75.80820819430457,75.76808698003047,950000.0,1912792.0,311.0,156.0,156.0,11.0,0.0,0.0,1.0
960000.0,19.109507507,4.546361830570535E-6,960000.0,83.87072916666666,75.80610441925593,75.81146058218333,75.7759272093529,960000.0,1938896.0,315.0,158.0,158.0,11.0,0.0,0.0,1.0
970000.0,19.317036151,4.651134662851098E-6,970000.0,83.88164948453608,75.82252865245317,75.83224099126952,75.79508774102656,970000.0,1951520.0,317.0,159.0,159.0,11.0,0.0,0.0,1.0
980000.0,19.519007307,4.753101743853658E-6,980000.0,83.88357142857143,75.82553660756406,75.83533123317977,75.80175150452891,980000.0,1951520.0,317.0,159.0,159.0,11.0,0.0,0.0,1.0
990000.0,19.726380885,4.858437915979954E-6,990000.0,83.8961616161616,75.84438442580496,75.85689926190209,75.82002581373162,990000.0,1963480.0,319.0,160.0,160.0,11.0,0.0,0.0,1.0
1000000.0,20.045806015,5.023681169597895E-6,1000000.0,83.8963,75.84450173956756,75.85713707446739,75.8196893619066,1000000.0,1999664.0,325.0,163.0,163.0,11.0,12133.300613496933,0.0,1.0110915151122906
