learning evaluation instances,evaluation time (cpu seconds),model cost (RAM-Hours),classified instances,classifications correct (percent),Kappa Statistic (percent),Kappa Temporal Statistic (percent),Kappa M Statistic (percent),model training instances,model serialized size (bytes),tree size (nodes),tree size (leaves),active learning leaves,tree depth,active leaf byte size estimate,inactive leaf byte size estimate,byte size estimate overhead
10000.0,0.68338735,8.904699558185206E-9,10000.0,79.82000000000001,69.70578492506415,69.86710467373452,69.33596717824038,10000.0,50368.0,7.0,4.0,4.0,2.0,0.0,0.0,1.0
20000.0,0.926337511,1.212319304579041E-8,20000.0,80.06,70.07767649106285,70.24102678904558,69.79931843998484,20000.0,51208.0,7.0,4.0,4.0,2.0,0.0,0.0,1.0
30000.0,1.135176253,1.4889793933478908E-8,30000.0,79.99333333333334,69.98545129514379,70.09913814576795,69.75103316197965,30000.0,51208.0,7.0,4.0,4.0,2.0,0.0,0.0,1.0
40000.0,1.366943641,1.9444712831226903E-8,40000.0,79.995,69.98796913997363,70.08821770334929,69.8799262242632,40000.0,75968.0,11.0,6.0,6.0,3.0,0.0,0.0,1.0
50000.0,1.588415773,2.4578803096138357E-8,50000.0,80.30000000000001,70.44246978763847,70.49573161599521,70.33489940970968,50000.0,89608.0,13.0,7.0,7.0,3.0,0.0,0.0,1.0
60000.0,1.825410451,3.1539283415884194E-8,60000.0,80.60000000000001,70.89362941590434,70.9732924365976,70.78533242978692,60000.0,113528.0,17.0,9.0,9.0,4.0,0.0,0.0,1.0
70000.0,2.043661039,3.9347242833733973E-8,70000.0,80.81857142857143,71.22303893110907,71.25393393136227,71.11914133918393,70000.0,138288.0,21.0,11.0,11.0,4.0,0.0,0.0,1.0
80000.0,2.280104688,4.947472961837426E-8,80000.0,81.08375,71.62181421315115,71.66529358897544,71.52507291372659,80000.0,165568.0,25.0,13.0,13.0,4.0,0.0,0.0,1.0
90000.0,2.459035546,5.77313024551111E-8,90000.0,81.27888888888889,71.91708327950145,71.92675530674131,71.84936427580905,90000.0,178368.0,27.0,14.0,14.0,4.0,0.0,0.0,1.0
100000.0,2.64634311,6.703535745455367E-8,100000.0,81.545,72.31547825751466,72.32760042584457,72.25437871156882,100000.0,192008.0,29.0,15.0,15.0,4.0,0.0,0.0,1.0
110000.0,2.851281593,7.842950429953014E-8,110000.0,81.76272727272728,72.64406809401763,72.65627129733119,72.59763143875753,110000.0,214912.0,33.0,17.0,17.0,5.0,0.0,0.0,1.0
120000.0,3.020574875,8.790071546601132E-8,120000.0,81.95,72.92404038568509,72.94055917847238,72.85510188735996,120000.0,216256.0,33.0,17.0,17.0,5.0,0.0,0.0,1.0
130000.0,3.210828827,9.972189800785856E-8,130000.0,82.08,73.11858634303995,73.09899652420928,73.04795511077688,130000.0,240176.0,37.0,19.0,19.0,5.0,0.0,0.0,1.0
140000.0,3.390992841,1.114344425181403E-7,140000.0,82.22071428571428,73.32897667891557,73.29119900422774,73.25101553936423,140000.0,251296.0,39.0,20.0,20.0,5.0,0.0,0.0,1.0
150000.0,3.574058761,1.2462798141107171E-7,150000.0,82.25866666666667,73.38678330583025,73.36376102253051,73.32477972795526,150000.0,278584.0,43.0,22.0,22.0,5.0,0.0,0.0,1.0
160000.0,3.748071249,1.3768475707461645E-7,160000.0,82.28937499999999,73.43357327613862,73.40147931215738,73.37448791671363,160000.0,290040.0,45.0,23.0,23.0,5.0,0.0,0.0,1.0
170000.0,3.919166307,1.510891864900436E-7,170000.0,82.33176470588235,73.49746024801478,73.48025322490928,73.44907448331948,170000.0,302840.0,47.0,24.0,24.0,6.0,0.0,0.0,1.0
180000.0,4.101621921,1.6597197603104224E-7,180000.0,82.39944444444444,73.59894254491202,73.56612432206926,73.543166368814,180000.0,315304.0,49.0,25.0,25.0,6.0,0.0,0.0,1.0
190000.0,4.2835053,1.819889398516363E-7,190000.0,82.42263157894737,73.63412983338903,73.60526045412514,73.58772588872633,190000.0,340400.0,53.0,27.0,27.0,6.0,0.0,0.0,1.0
200000.0,4.452070704,1.9747186968678197E-7,200000.0,82.47149999999999,73.7073299136128,73.6635314622273,73.65323914023747,200000.0,355048.0,55.0,28.0,28.0,6.0,0.0,0.0,1.0
210000.0,4.620830304,2.135314619859453E-7,210000.0,82.5147619047619,73.77243724190875,73.73349356910883,73.7263516414322,210000.0,367848.0,57.0,29.0,29.0,6.0,0.0,0.0,1.0
220000.0,4.789652737,2.2955056398188696E-7,220000.0,82.5490909090909,73.8239516909145,73.78831015436714,73.78669944012016,220000.0,366784.0,59.0,30.0,30.0,6.0,0.0,0.0,1.0
230000.0,4.967369376,2.4753909134155967E-7,230000.0,82.6095652173913,73.91465230743117,73.88158625057952,73.87646870571024,230000.0,391264.0,61.0,31.0,31.0,6.0,0.0,0.0,1.0
240000.0,5.167683114,2.702239722456307E-7,240000.0,82.66583333333334,73.99905417991913,73.96995426190223,73.96164534461607,240000.0,437752.0,69.0,35.0,35.0,6.0,0.0,0.0,1.0
250000.0,5.350762936,2.915948619069345E-7,250000.0,82.6792,74.01911155200622,73.98857472382909,73.98091621400759,250000.0,451216.0,71.0,36.0,36.0,7.0,0.0,0.0,1.0
260000.0,5.522837315,3.127683403286793E-7,260000.0,82.70384615384614,74.05606932548183,74.03369787396208,74.01028723342772,260000.0,475640.0,75.0,38.0,38.0,7.0,0.0,0.0,1.0
270000.0,5.689796903,3.339741619528292E-7,270000.0,82.72296296296297,74.08496532224422,74.07465042349332,74.05056601674409,270000.0,490960.0,77.0,39.0,39.0,7.0,0.0,0.0,1.0
280000.0,5.862570826,3.5649059040711157E-7,280000.0,82.76607142857144,74.1497222230147,74.13987138263667,74.1176786097404,280000.0,503760.0,79.0,40.0,40.0,7.0,0.0,0.0,1.0
290000.0,6.03802711,3.803729801843398E-7,290000.0,82.80379310344827,74.20617937370646,74.19109427400323,74.16863500745897,290000.0,526152.0,83.0,42.0,42.0,7.0,0.0,0.0,1.0
300000.0,6.212255159,4.046038218655996E-7,300000.0,82.85900000000001,74.28891919089041,74.28014104583991,74.24020037570446,300000.0,537592.0,85.0,43.0,43.0,7.0,0.0,0.0,1.0
310000.0,6.398248585,4.3213269448346356E-7,310000.0,82.90354838709678,74.35554728502517,74.35933410418046,74.30961856334739,310000.0,572128.0,91.0,46.0,46.0,7.0,0.0,0.0,1.0
320000.0,6.579751149,4.60206807360854E-7,320000.0,82.9303125,74.39564160542359,74.39938884358334,74.34720943775478,320000.0,597896.0,95.0,48.0,48.0,7.0,0.0,0.0,1.0
330000.0,6.755916669,4.885812706682149E-7,330000.0,82.9730303030303,74.45979441878086,74.46267958023334,74.41069314145186,330000.0,622600.0,101.0,51.0,51.0,7.0,0.0,0.0,1.0
340000.0,6.93166394,5.181919674029492E-7,340000.0,82.99323529411765,74.4900715695384,74.49754118243766,74.44637419845238,340000.0,651272.0,103.0,52.0,52.0,7.0,0.0,0.0,1.0
350000.0,7.106268719,5.481269210684777E-7,350000.0,83.01142857142857,74.51755011942502,74.52311172810941,74.4696198781446,350000.0,662712.0,105.0,53.0,53.0,8.0,0.0,0.0,1.0
360000.0,7.275840561,5.772358569586754E-7,360000.0,83.03111111111112,74.54704298009297,74.54836344243716,74.50023584610311,360000.0,663552.0,105.0,53.0,53.0,8.0,0.0,0.0,1.0
370000.0,7.458427106,6.101229411847994E-7,370000.0,83.05648648648649,74.58517929228903,74.58888479045994,74.53572821212713,370000.0,696240.0,111.0,56.0,56.0,8.0,0.0,0.0,1.0
380000.0,7.636972476,6.44040307032079E-7,380000.0,83.0842105263158,74.62696837453429,74.62658287807497,74.58022572506465,380000.0,734304.0,117.0,59.0,59.0,8.0,0.0,0.0,1.0
390000.0,7.803397038,6.757853397111451E-7,390000.0,83.12871794871795,74.6937404956278,74.69609392726251,74.64597694948692,390000.0,737328.0,117.0,59.0,59.0,8.0,0.0,0.0,1.0
400000.0,7.971854362,7.079181162144596E-7,400000.0,83.14399999999999,74.71679662886054,74.71745374640957,74.66958200903154,400000.0,737328.0,117.0,59.0,59.0,8.0,0.0,0.0,1.0
410000.0,8.153602162,7.441699668902511E-7,410000.0,83.18560975609756,74.77911772182779,74.77783021801724,74.73512542832536,410000.0,771016.0,123.0,62.0,62.0,8.0,0.0,0.0,1.0
420000.0,8.338349741,7.820261357316396E-7,420000.0,83.20809523809524,74.812811085687,74.80845409506392,74.76852845633167,420000.0,792064.0,127.0,64.0,64.0,8.0,0.0,0.0,1.0
430000.0,8.511757029,8.181848474594806E-7,430000.0,83.22837209302325,74.84329503568232,74.83802313207612,74.79528464433874,430000.0,806024.0,129.0,65.0,65.0,8.0,0.0,0.0,1.0
440000.0,8.683279648,8.544219889290548E-7,440000.0,83.24613636363635,74.86991604997776,74.8631774209498,74.82411682740909,440000.0,816648.0,131.0,66.0,66.0,8.0,0.0,0.0,1.0
450000.0,8.852157636,8.902178416717218E-7,450000.0,83.27044444444445,74.90626273307834,74.90541572082388,74.86444435540955,450000.0,819336.0,131.0,66.0,66.0,8.0,0.0,0.0,1.0
460000.0,9.036672904,9.308228704767508E-7,460000.0,83.27347826086957,74.91119301580511,74.9101628481801,74.85974559795588,460000.0,850648.0,135.0,68.0,68.0,8.0,0.0,0.0,1.0
470000.0,9.208875583,9.687557721035017E-7,470000.0,83.30191489361702,74.95389126057485,74.95580304432461,74.90198210413882,470000.0,851488.0,135.0,68.0,68.0,8.0,0.0,0.0,1.0
480000.0,9.394738848,1.011350350344769E-6,480000.0,83.32395833333334,74.98698798462351,74.98148107631673,74.93486729210767,480000.0,885856.0,141.0,71.0,71.0,8.0,0.0,0.0,1.0
490000.0,9.564285471,1.0503824688556956E-6,490000.0,83.3369387755102,75.00658369575893,75.00405634182256,74.95160523369073,490000.0,889888.0,141.0,71.0,71.0,8.0,0.0,0.0,1.0
500000.0,9.749328822,1.0944734339988521E-6,500000.0,83.34859999999999,75.02405695811193,75.02407386852818,74.96993638539148,500000.0,921040.0,147.0,74.0,74.0,9.0,0.0,0.0,1.0
510000.0,9.922322866,1.135821182618311E-6,510000.0,83.35803921568628,75.03805981345394,75.04036230498905,74.98880192371163,510000.0,923896.0,147.0,74.0,74.0,9.0,0.0,0.0,1.0
520000.0,10.113227899,1.1829220181995777E-6,520000.0,83.38442307692307,75.07757283642297,75.081258958674,75.03034471597346,520000.0,953704.0,153.0,77.0,77.0,10.0,0.0,0.0,1.0
530000.0,10.287938536,1.2261260210530235E-6,530000.0,83.40622641509434,75.11044120456482,75.11093627955943,75.05941138770255,530000.0,955888.0,153.0,77.0,77.0,10.0,0.0,0.0,1.0
540000.0,10.465879956,1.2707800595615083E-6,540000.0,83.42907407407407,75.14444503952873,75.14305873463854,75.10114473017869,540000.0,970032.0,155.0,78.0,78.0,10.0,0.0,0.0,1.0
550000.0,10.652658271,1.3193935269071433E-6,550000.0,83.4369090909091,75.15629864290277,75.15843495713257,75.11031330344288,550000.0,1006080.0,161.0,81.0,81.0,10.0,0.0,0.0,1.0
560000.0,10.837134452,1.3686287833981612E-6,560000.0,83.44625,75.17016966086565,75.18065450612178,75.12804758621246,560000.0,1031664.0,165.0,83.0,83.0,10.0,0.0,0.0,1.0
570000.0,11.026971618,1.4209496896618753E-6,570000.0,83.45543859649123,75.1839149017365,75.19216705512208,75.1432562798176,570000.0,1065360.0,171.0,86.0,86.0,10.0,0.0,0.0,1.0
580000.0,11.210919432,1.4728097106059417E-6,580000.0,83.4694827586207,75.20484913110802,75.21418119962155,75.16802511246999,580000.0,1089784.0,175.0,88.0,88.0,10.0,0.0,0.0,1.0
590000.0,11.40154529,1.5284047315922983E-6,590000.0,83.48440677966101,75.22734990523305,75.23729171060955,75.18754106041547,590000.0,1127344.0,181.0,91.0,91.0,10.0,0.0,0.0,1.0
600000.0,11.580019334,1.58045574044179E-6,600000.0,83.49733333333333,75.2469576362143,75.25391874600128,75.20173509714841,600000.0,1127344.0,181.0,91.0,91.0,10.0,0.0,0.0,1.0
610000.0,11.777173524,1.6403429228656144E-6,610000.0,83.51032786885246,75.26666699111215,75.27359882005901,75.2159032950354,610000.0,1174168.0,189.0,95.0,95.0,10.0,0.0,0.0,1.0
620000.0,11.961738155,1.696968957399002E-6,620000.0,83.52193548387096,75.2841423001652,75.28975832510982,75.2321891356576,620000.0,1185960.0,191.0,96.0,96.0,10.0,0.0,0.0,1.0
630000.0,12.144751851,1.7537490397588458E-6,630000.0,83.54587301587301,75.3199229187572,75.3229811150972,75.27153104626227,630000.0,1199264.0,193.0,97.0,97.0,10.0,0.0,0.0,1.0
640000.0,12.337169605,1.8145024401601325E-6,640000.0,83.55125,75.32791837907907,75.33082592241085,75.28193833633486,640000.0,1220472.0,197.0,99.0,99.0,10.0,0.0,0.0,1.0
650000.0,12.547279812,1.8822517706460076E-6,650000.0,83.56215384615385,75.34419426367191,75.3470804174425,75.30057676525999,650000.0,1246408.0,201.0,101.0,101.0,10.0,0.0,0.0,1.0
660000.0,12.751766988,1.9489188535950895E-6,660000.0,83.57121212121213,75.35769643309304,75.35922625743395,75.31682021093272,660000.0,1260224.0,203.0,102.0,102.0,10.0,0.0,0.0,1.0
670000.0,12.934418215,2.008952712480356E-6,670000.0,83.58223880597015,75.37432808747772,75.37855811048858,75.33140318496906,670000.0,1270504.0,205.0,103.0,103.0,10.0,0.0,0.0,1.0
680000.0,13.130704185,2.075059263492794E-6,680000.0,83.59632352941176,75.39545045173843,75.3966923555387,75.35276622636255,680000.0,1301840.0,211.0,106.0,106.0,10.0,0.0,0.0,1.0
690000.0,13.316388853,2.1383036883913108E-6,690000.0,83.60405797101448,75.40713957945161,75.40368079486036,75.36232830919263,690000.0,1316584.0,215.0,108.0,108.0,10.0,0.0,0.0,1.0
700000.0,13.506684508,2.2049858022032435E-6,700000.0,83.611,75.4175530763064,75.41409409349343,75.37308626922317,700000.0,1354512.0,219.0,110.0,110.0,10.0,0.0,0.0,1.0
710000.0,13.689985026,2.2699750677546904E-6,710000.0,83.62323943661973,75.43587952254623,75.42586017414828,75.39241974362827,710000.0,1370504.0,221.0,111.0,111.0,10.0,0.0,0.0,1.0
720000.0,13.887146854,2.3414172039474343E-6,720000.0,83.6301388888889,75.44637798092559,75.43471691034713,75.39908161135463,720000.0,1400664.0,227.0,114.0,114.0,10.0,0.0,0.0,1.0
730000.0,14.081667053,2.414018904786212E-6,730000.0,83.64109589041095,75.4629312466687,75.45106761748725,75.41260376861246,730000.0,1442728.0,233.0,117.0,117.0,10.0,0.0,0.0,1.0
740000.0,14.26842502,2.4842607271317602E-6,740000.0,83.65432432432432,75.48280999852295,75.47152593722181,75.43186882155922,740000.0,1453848.0,235.0,118.0,118.0,10.0,0.0,0.0,1.0
750000.0,14.454651822,2.55485391716169E-6,750000.0,83.65986666666667,75.49109703062156,75.47891263721093,75.44107509298449,750000.0,1465288.0,237.0,119.0,119.0,10.0,0.0,0.0,1.0
760000.0,14.643175977,2.6269832082056796E-6,760000.0,83.66486842105263,75.49864594257895,75.48454491778287,75.4474545030239,760000.0,1478928.0,239.0,120.0,120.0,10.0,0.0,0.0,1.0
770000.0,14.824935352,2.696563794114911E-6,770000.0,83.68116883116883,75.52300005146205,75.50503622927074,75.47439015345219,770000.0,1479768.0,239.0,120.0,120.0,10.0,0.0,0.0,1.0
780000.0,15.009834855,2.7675156142585935E-6,780000.0,83.69384615384615,75.54186060848622,75.52109195468667,75.49765452671528,780000.0,1483304.0,239.0,120.0,120.0,10.0,0.0,0.0,1.0
790000.0,15.193891442,2.8381839778029923E-6,790000.0,83.6953164556962,75.54402697214225,75.52337789432679,75.50093863584921,790000.0,1484144.0,239.0,120.0,120.0,10.0,0.0,0.0,1.0
800000.0,15.381643835,2.9103774233329115E-6,800000.0,83.70337500000001,75.55610690383166,75.53692924880568,75.51335868901724,800000.0,1486328.0,239.0,120.0,120.0,10.0,0.0,0.0,1.0
810000.0,15.58469754,2.9896836445746224E-6,810000.0,83.71617283950617,75.57524020887432,75.55819103299392,75.53434399455406,810000.0,1509728.0,243.0,122.0,122.0,10.0,0.0,0.0,1.0
820000.0,15.779656662,3.0664320018612245E-6,820000.0,83.73475609756098,75.60295782034679,75.58540121400277,75.56657158925827,820000.0,1521696.0,245.0,123.0,123.0,10.0,0.0,0.0,1.0
830000.0,15.984827218,3.1490405439301396E-6,830000.0,83.74421686746987,75.61719687768661,75.59862695593674,75.57941491085019,830000.0,1556368.0,251.0,126.0,126.0,10.0,0.0,0.0,1.0
840000.0,16.182244976,3.228929180805586E-6,840000.0,83.74833333333333,75.62331677948173,75.60555457273,75.58714495456815,840000.0,1564232.0,255.0,128.0,128.0,10.0,0.0,0.0,1.0
850000.0,16.374333619,3.3074758710565483E-6,850000.0,83.75576470588236,75.63446846798692,75.61765510908624,75.59817829327216,850000.0,1580624.0,255.0,128.0,128.0,10.0,0.0,0.0,1.0
860000.0,16.572812669,3.3892230593564425E-6,860000.0,83.76325581395349,75.6458458101408,75.62982238441548,75.60551215217117,860000.0,1592064.0,257.0,129.0,129.0,10.0,0.0,0.0,1.0
870000.0,16.77205486,3.4718404126318523E-6,870000.0,83.77574712643678,75.66442221345034,75.64938817688271,75.62895497906506,870000.0,1602848.0,259.0,130.0,130.0,10.0,0.0,0.0,1.0
880000.0,16.975313819,3.5580176091547808E-6,880000.0,83.78511363636363,75.67849840882059,75.66445182724253,75.64235186474936,880000.0,1638872.0,265.0,133.0,133.0,10.0,0.0,0.0,1.0
890000.0,17.187985837,3.65069764978206E-6,890000.0,83.79224719101124,75.68911804244284,75.67548425935763,75.65528659453494,890000.0,1684528.0,273.0,137.0,137.0,10.0,0.0,0.0,1.0
900000.0,17.414262296,3.7501343104834814E-6,900000.0,83.80077777777778,75.70188575113428,75.68670025331741,75.66913102251299,900000.0,1698672.0,275.0,138.0,138.0,11.0,0.0,0.0,1.0
910000.0,17.61280298,3.8375555390223075E-6,910000.0,83.80175824175824,75.70353509360233,75.68734176171273,75.66570806905865,910000.0,1702040.0,275.0,138.0,138.0,11.0,0.0,0.0,1.0
920000.0,17.807815565,3.924034327790901E-6,920000.0,83.80391304347826,75.70682956938876,75.69250044045964,75.66729429209241,920000.0,1714152.0,277.0,139.0,139.0,11.0,0.0,0.0,1.0
930000.0,18.012095422,4.015967146549705E-6,930000.0,83.81118279569893,75.71765641004552,75.70525378163194,75.68049105520332,930000.0,1739592.0,281.0,141.0,141.0,11.0,0.0,0.0,1.0
940000.0,18.228750153,4.116772812142114E-6,940000.0,83.81925531914894,75.72963993487302,75.7176200876151,75.69624096193024,940000.0,1798536.0,291.0,146.0,146.0,11.0,0.0,0.0,1.0
950000.0,18.444099553,4.2189883154725595E-6,950000.0,83.82347368421053,75.73588861966823,75.72112878100877,75.70489278989729,950000.0,1834744.0,297.0,149.0,149.0,11.0,0.0,0.0,1.0
960000.0,18.643481692,4.314901680630383E-6,960000.0,83.82791666666667,75.74266261221409,75.72814623271287,75.70862618208673,960000.0,1859496.0,301.0,151.0,151.0,11.0,0.0,0.0,1.0
970000.0,18.854463812,4.418069366154261E-6,970000.0,83.83144329896908,75.74795740942422,75.73408136551977,75.7139406177317,970000.0,1890168.0,307.0,154.0,154.0,11.0,0.0,0.0,1.0
980000.0,19.056764888,4.518296325945991E-6,980000.0,83.82530612244898,75.73876703780338,75.72546275097743,75.70447846752081,980000.0,1915088.0,311.0,156.0,156.0,11.0,0.0,0.0,1.0
990000.0,19.255360089,4.617097869659403E-6,990000.0,83.83383838383838,75.75151201146048,75.73597858089323,75.71889782654209,990000.0,1923080.0,313.0,157.0,157.0,11.0,0.0,0.0,1.0
1000000.0,19.582122577,4.781674818755129E-6,1000000.0,83.8406,75.7617072631748,75.74854388310844,75.72774409843846,1000000.0,1946880.0,315.0,158.0,158.0,11.0,12187.189873417721,0.0,1.0110637024973306
