learning evaluation instances,evaluation time (cpu seconds),model cost (RAM-Hours),classified instances,classifications correct (percent),Kappa Statistic (percent),Kappa Temporal Statistic (percent),Kappa M Statistic (percent),model training instances,model serialized size (bytes),tree size (nodes),tree size (leaves),active learning leaves,tree depth,active leaf byte size estimate,inactive leaf byte size estimate,byte size estimate overhead
10000.0,0.666150028,6.387368423499996E-9,10000.0,79.80000000000001,69.62613836196171,69.71968220656574,69.29157798723017,10000.0,37064.0,5.0,3.0,3.0,2.0,0.0,0.0,1.0
20000.0,1.011313437,1.0959936638534483E-8,20000.0,78.945,68.39438974073634,68.39774859287054,68.14192767438341,20000.0,51208.0,7.0,4.0,4.0,2.0,0.0,0.0,1.0
30000.0,1.229152475,1.3845769363498936E-8,30000.0,78.89333333333333,68.3236456038131,68.33208302075519,67.95870863272948,30000.0,51208.0,7.0,4.0,4.0,2.0,0.0,0.0,1.0
40000.0,1.466949399,1.8570861903940224E-8,40000.0,78.625,67.92716707537116,67.91263229002476,67.71148036253777,40000.0,76808.0,11.0,6.0,6.0,3.0,0.0,0.0,1.0
50000.0,1.716021351,2.585357375474233E-8,50000.0,79.238,68.84695838402045,68.83705571565802,68.66302411929846,50000.0,113024.0,17.0,9.0,9.0,4.0,0.0,0.0,1.0
60000.0,1.943245379,3.321979137498265E-8,60000.0,79.97999999999999,69.96025612092697,69.95272281561897,69.82591876208897,60000.0,125312.0,19.0,10.0,10.0,4.0,0.0,0.0,1.0
70000.0,2.151276787,4.134069329425486E-8,70000.0,80.51857142857143,70.770277446301,70.76365663322186,70.66302383615867,70000.0,150896.0,23.0,12.0,12.0,5.0,0.0,0.0,1.0
80000.0,2.355564526,4.994753260426638E-8,80000.0,80.8675,71.29207214723529,71.32902500702446,71.21254866557581,80000.0,162856.0,25.0,13.0,13.0,5.0,0.0,0.0,1.0
90000.0,2.551288222,5.823609297228771E-8,90000.0,81.15333333333334,71.72240847210023,71.75965236501673,71.63450282618147,90000.0,163696.0,25.0,13.0,13.0,5.0,0.0,0.0,1.0
100000.0,2.765232707,6.785594711685346E-8,100000.0,81.362,72.03793079981591,72.03852616418627,71.965344002888,100000.0,173808.0,27.0,14.0,14.0,5.0,0.0,0.0,1.0
110000.0,2.971255983,7.858213724978269E-8,110000.0,81.48454545454545,72.22118701925882,72.25053136410703,72.1427399058978,110000.0,201248.0,31.0,16.0,16.0,6.0,0.0,0.0,1.0
120000.0,3.198901084,9.199159879577244E-8,120000.0,81.51916666666666,72.2717465999414,72.29468055867876,72.17195989610128,120000.0,227696.0,35.0,18.0,18.0,6.0,0.0,0.0,1.0
130000.0,3.392425631,1.0398996174774444E-7,130000.0,81.58923076923077,72.37933729312589,72.39064230343301,72.26811888071374,130000.0,239656.0,37.0,19.0,19.0,6.0,0.0,0.0,1.0
140000.0,3.568150244,1.1546590511446199E-7,140000.0,81.65785714285714,72.48280843697866,72.49022443623119,72.38668745631485,140000.0,252440.0,39.0,20.0,20.0,7.0,0.0,0.0,1.0
150000.0,3.758734109,1.292158554395785E-7,150000.0,81.696,72.54047636097522,72.52036751606383,72.44950179114363,150000.0,278880.0,43.0,22.0,22.0,7.0,0.0,0.0,1.0
160000.0,3.940987045,1.4336582558920815E-7,160000.0,81.77187500000001,72.65589669521718,72.64019962851086,72.58232822238728,160000.0,300112.0,47.0,24.0,24.0,7.0,0.0,0.0,1.0
170000.0,4.114114588,1.5799903256292973E-7,170000.0,81.90411764705883,72.85412157267787,72.84339689265538,72.76429602216892,170000.0,326720.0,51.0,26.0,26.0,7.0,0.0,0.0,1.0
180000.0,4.281907035,1.727369255637543E-7,180000.0,81.99,72.98361852859028,72.97756883142864,72.90869281810433,180000.0,339520.0,53.0,27.0,27.0,7.0,0.0,0.0,1.0
190000.0,4.474251721,1.91936609309593E-7,190000.0,82.08526315789474,73.12660978457234,73.13284394979873,73.06395707706189,190000.0,385848.0,61.0,31.0,31.0,7.0,0.0,0.0,1.0
200000.0,4.644437913,2.0962043433419116E-7,200000.0,82.1445,73.21585036628166,73.21708478644017,73.16697473813926,200000.0,401656.0,63.0,32.0,32.0,8.0,0.0,0.0,1.0
210000.0,4.809980678,2.2682176692143287E-7,210000.0,82.25142857142858,73.37680134127044,73.36667976705135,73.3327609521561,210000.0,401656.0,63.0,32.0,32.0,8.0,0.0,0.0,1.0
220000.0,4.97409435,2.438746043207931E-7,220000.0,82.34727272727272,73.52127100261468,73.50326467397609,73.4896992368288,220000.0,401656.0,63.0,32.0,32.0,8.0,0.0,0.0,1.0
230000.0,5.180544991,2.669797340501617E-7,230000.0,82.42826086956522,73.64245737657869,73.63201607589073,73.60997747233014,230000.0,432608.0,71.0,36.0,36.0,8.0,0.0,0.0,1.0
240000.0,5.356345675,2.880048464173099E-7,240000.0,82.5125,73.76938307047489,73.75726880510224,73.73887797369508,240000.0,462296.0,73.0,37.0,37.0,8.0,0.0,0.0,1.0
250000.0,5.527783969,3.08545488071692E-7,250000.0,82.55839999999999,73.8378874378983,73.82713085234094,73.79331069507468,250000.0,463136.0,73.0,37.0,37.0,8.0,0.0,0.0,1.0
260000.0,5.699862807,3.2916287561791013E-7,260000.0,82.61038461538462,73.91597972228026,73.89474291983025,73.86924508455375,260000.0,463136.0,73.0,37.0,37.0,8.0,0.0,0.0,1.0
270000.0,5.879127853,3.5178879635385127E-7,270000.0,82.65703703703704,73.98590270083754,73.9709503665946,73.94270578284289,270000.0,487880.0,77.0,39.0,39.0,9.0,0.0,0.0,1.0
280000.0,6.06031311,3.757940218975477E-7,280000.0,82.69785714285715,74.04761544528799,74.02763109221624,74.01746256489467,280000.0,512136.0,81.0,41.0,41.0,9.0,0.0,0.0,1.0
290000.0,6.242073374,4.0105548191176515E-7,290000.0,82.73034482758621,74.09614410175553,74.07482179740035,74.0537348074313,290000.0,537232.0,85.0,43.0,43.0,9.0,0.0,0.0,1.0
300000.0,6.411195412,4.250837260020565E-7,300000.0,82.77,74.1557347425543,74.14025994817047,74.12032123044881,300000.0,549192.0,87.0,44.0,44.0,9.0,0.0,0.0,1.0
310000.0,6.591180181,4.517299627165413E-7,310000.0,82.82741935483871,74.2416803904295,74.23119557377763,74.1962221349736,310000.0,572272.0,91.0,46.0,46.0,9.0,0.0,0.0,1.0
320000.0,6.767957715,4.779782079046716E-7,320000.0,82.855,74.28300506746535,74.27064037329707,74.23318069742866,320000.0,573952.0,91.0,46.0,46.0,9.0,0.0,0.0,1.0
330000.0,6.949373412,5.065037027293009E-7,330000.0,82.8851515151515,74.3284615607624,74.32515978870613,74.27733423206371,330000.0,607800.0,97.0,49.0,49.0,9.0,0.0,0.0,1.0
340000.0,7.119064412,5.332446266940298E-7,340000.0,82.92558823529413,74.38923483894071,74.38175174751113,74.32793975226969,340000.0,609144.0,97.0,49.0,49.0,9.0,0.0,0.0,1.0
350000.0,7.302260277,5.637262242321152E-7,350000.0,82.95314285714286,74.43101036527528,74.4165205198681,74.37025327330838,350000.0,643168.0,103.0,52.0,52.0,9.0,0.0,0.0,1.0
360000.0,7.472741603,5.927234860901638E-7,360000.0,82.98027777777777,74.47147074495805,74.46126528672774,74.41594394732117,360000.0,657480.0,105.0,53.0,53.0,9.0,0.0,0.0,1.0
370000.0,7.656440964,6.260425410867152E-7,370000.0,83.01324324324324,74.52048857715495,74.51152944611616,74.46907903288704,370000.0,701112.0,113.0,57.0,57.0,9.0,0.0,0.0,1.0
380000.0,7.818019609,6.55405560854274E-7,380000.0,83.04184210526316,74.56318104202448,74.56293050703614,74.51625532386078,380000.0,702456.0,113.0,57.0,57.0,9.0,0.0,0.0,1.0
390000.0,7.997366342,6.897394356413745E-7,390000.0,83.07102564102564,74.60678435100743,74.61054218373258,74.56123789671608,390000.0,740000.0,119.0,60.0,60.0,9.0,0.0,0.0,1.0
400000.0,8.168637257,7.230717432841969E-7,400000.0,83.0895,74.6344844903984,74.64283973803875,74.59340890481451,400000.0,752288.0,121.0,61.0,61.0,9.0,0.0,0.0,1.0
410000.0,8.362320236,7.633208308657942E-7,410000.0,83.1,74.65032863157127,74.65145290452863,74.61058448054112,410000.0,803280.0,129.0,65.0,65.0,10.0,0.0,0.0,1.0
420000.0,8.536037813,7.99919949342416E-7,420000.0,83.11380952380952,74.67127780326102,74.67071428571428,74.6320281286104,420000.0,814384.0,131.0,66.0,66.0,10.0,0.0,0.0,1.0
430000.0,8.716498052,8.386156250613494E-7,430000.0,83.13232558139535,74.69862673769521,74.68836371758005,74.66254453992873,430000.0,828864.0,133.0,67.0,67.0,10.0,0.0,0.0,1.0
440000.0,8.890136933,8.764465943400128E-7,440000.0,83.1640909090909,74.74606389534047,74.73215290734758,74.70713361399338,440000.0,842176.0,135.0,68.0,68.0,10.0,0.0,0.0,1.0
450000.0,9.074137918,9.176227630145746E-7,450000.0,83.16688888888889,74.75010899478505,74.74090327055434,74.7053932486718,450000.0,865024.0,141.0,71.0,71.0,10.0,0.0,0.0,1.0
460000.0,9.248372981,9.577320655682125E-7,460000.0,83.18130434782609,74.77172214775916,74.76754084138638,74.72360167276528,460000.0,889840.0,143.0,72.0,72.0,10.0,0.0,0.0,1.0
470000.0,9.423771891,9.987282145453307E-7,470000.0,83.20234042553192,74.80331376919702,74.80034727763697,74.758451789471,470000.0,903480.0,145.0,73.0,73.0,10.0,0.0,0.0,1.0
480000.0,9.6009877,1.0406742391335427E-6,480000.0,83.22229166666666,74.8333950778862,74.83186449153074,74.79247527231752,480000.0,914936.0,147.0,74.0,74.0,10.0,0.0,0.0,1.0
490000.0,9.77697434,1.0831338945720718E-6,490000.0,83.24224489795918,74.86357583714064,74.86231566830857,74.82277549518612,490000.0,932608.0,149.0,75.0,75.0,10.0,0.0,0.0,1.0
500000.0,9.964625773,1.1300836648463397E-6,500000.0,83.2616,74.89297038104696,74.8940318879273,74.85140779470537,500000.0,967128.0,155.0,78.0,78.0,10.0,0.0,0.0,1.0
510000.0,10.153022894,1.1782594978882167E-6,510000.0,83.27980392156863,74.92009177174297,74.91262238749765,74.87818099328891,510000.0,988456.0,161.0,81.0,81.0,11.0,0.0,0.0,1.0
520000.0,10.335478384,1.226095249993764E-6,520000.0,83.29673076923076,74.94540559546033,74.93890317126443,74.90755399424523,520000.0,1013440.0,163.0,82.0,82.0,11.0,0.0,0.0,1.0
530000.0,10.524917623,1.276256770460258E-6,530000.0,83.30905660377358,74.9639037673963,74.96051402530499,74.93106624158696,530000.0,1023536.0,171.0,86.0,86.0,11.0,0.0,0.0,1.0
540000.0,10.712038224,1.3287797035928424E-6,540000.0,83.32944444444445,74.99447389865811,74.99284684469457,74.96356658137724,540000.0,1085000.0,175.0,88.0,88.0,11.0,0.0,0.0,1.0
550000.0,10.899738628,1.3826676835334157E-6,550000.0,83.33745454545455,75.0062665664374,75.01131585692394,74.97200723169273,550000.0,1109760.0,179.0,90.0,90.0,11.0,0.0,0.0,1.0
560000.0,11.079713621,1.4349962709739494E-6,560000.0,83.34339285714286,75.01518906011884,75.01794437778541,74.98551859519648,560000.0,1123904.0,181.0,91.0,91.0,11.0,0.0,0.0,1.0
570000.0,11.276793937,1.4946517718758703E-6,570000.0,83.36157894736841,75.04255972916542,75.04558622703914,75.01916253783119,570000.0,1170064.0,189.0,95.0,95.0,11.0,0.0,0.0,1.0
580000.0,11.463289281,1.5521117843213532E-6,580000.0,83.36103448275863,75.04160213839518,75.04628432538657,75.02025433753433,580000.0,1190968.0,193.0,97.0,97.0,11.0,0.0,0.0,1.0
590000.0,11.638362279,1.606554715413151E-6,590000.0,83.36779661016949,75.05186192659049,75.05497159271451,75.02964482195293,590000.0,1202056.0,193.0,97.0,97.0,11.0,0.0,0.0,1.0
600000.0,11.818993749,1.6627261798112197E-6,600000.0,83.36383333333333,75.04591575958408,75.05117636913971,75.02533320989909,600000.0,1202056.0,193.0,97.0,97.0,11.0,0.0,0.0,1.0
610000.0,12.00035452,1.7191638481999334E-6,610000.0,83.37786885245902,75.06688033985199,75.07068571288077,75.04688169079249,610000.0,1202896.0,193.0,97.0,97.0,11.0,0.0,0.0,1.0
620000.0,12.187337291,1.7778076642034721E-6,620000.0,83.39193548387097,75.08777417208402,75.08432662107948,75.06538163502519,620000.0,1212336.0,195.0,98.0,98.0,11.0,0.0,0.0,1.0
630000.0,12.382745632,1.8407116830621724E-6,630000.0,83.40126984126984,75.10169252839314,75.09686484169416,75.08096090285406,630000.0,1244336.0,201.0,101.0,101.0,11.0,0.0,0.0,1.0
640000.0,12.574139203,1.9035567889895602E-6,640000.0,83.4165625,75.12470598994159,75.11833175088793,75.11179688727451,640000.0,1269248.0,205.0,103.0,103.0,11.0,0.0,0.0,1.0
650000.0,12.755088715,1.96320846342003E-6,650000.0,83.42246153846153,75.1336872551224,75.12402894970738,75.12276546082933,650000.0,1274288.0,205.0,103.0,103.0,11.0,0.0,0.0,1.0
660000.0,12.952123839,2.0298368656131776E-6,660000.0,83.44257575757575,75.16370390228973,75.15550685230484,75.15132635102256,660000.0,1307128.0,211.0,106.0,106.0,11.0,0.0,0.0,1.0
670000.0,13.14086502,2.0944742910408008E-6,670000.0,83.45776119402986,75.18642548546649,75.18204861795319,75.16686794634235,670000.0,1323792.0,213.0,107.0,107.0,11.0,0.0,0.0,1.0
680000.0,13.334482391,2.1621308414668596E-6,680000.0,83.46794117647059,75.20165629591239,75.19861099160991,75.18393836712617,680000.0,1350728.0,217.0,109.0,109.0,11.0,0.0,0.0,1.0
690000.0,13.521322467,2.2281194596220808E-6,690000.0,83.47217391304348,75.2080349775056,75.20491892385496,75.18646811547535,690000.0,1365216.0,219.0,110.0,110.0,11.0,0.0,0.0,1.0
700000.0,13.710048709,2.2955214349134064E-6,700000.0,83.49571428571429,75.24334939698426,75.23711539079831,75.22272311988229,700000.0,1380520.0,221.0,111.0,111.0,12.0,0.0,0.0,1.0
710000.0,13.897986913,2.3622180049217786E-6,710000.0,83.51112676056339,75.26630576925199,75.25616529847908,75.2440262211884,710000.0,1371800.0,223.0,112.0,112.0,12.0,0.0,0.0,1.0
720000.0,14.092127924,2.4327969738011294E-6,720000.0,83.52277777777778,75.28400461798795,75.27546156876068,75.26484232473287,720000.0,1405272.0,225.0,113.0,113.0,12.0,0.0,0.0,1.0
730000.0,14.283815792,2.5029689048967744E-6,730000.0,83.53753424657533,75.3062491781216,75.2980448259418,75.28824147510542,730000.0,1415048.0,227.0,114.0,114.0,12.0,0.0,0.0,1.0
740000.0,14.49442788,2.581330383701257E-6,740000.0,83.54783783783783,75.32176622851615,75.31368366411718,75.30482053570522,740000.0,1438208.0,233.0,117.0,117.0,12.0,0.0,0.0,1.0
750000.0,14.687246684,2.653738024860801E-6,750000.0,83.56306666666666,75.34465590332996,75.33399361725542,75.32900793301366,750000.0,1451568.0,233.0,117.0,117.0,12.0,0.0,0.0,1.0
760000.0,14.883951331,2.7287529093080703E-6,760000.0,83.5696052631579,75.35427200881306,75.33767970248239,75.33811807272699,760000.0,1474128.0,237.0,119.0,119.0,12.0,0.0,0.0,1.0
770000.0,15.086677689,2.8071794213548744E-6,770000.0,83.58480519480518,75.37703093662157,75.36192898843115,75.36044009169875,770000.0,1495392.0,245.0,123.0,123.0,12.0,0.0,0.0,1.0
780000.0,15.288972752,2.887243555153251E-6,780000.0,83.59628205128206,75.39421501881347,75.3791297286584,75.37713972307488,780000.0,1529872.0,247.0,124.0,124.0,12.0,0.0,0.0,1.0
790000.0,15.479143915,2.962550629999034E-6,790000.0,83.6073417721519,75.41082057578085,75.39958436387538,75.39285320686025,790000.0,1530712.0,247.0,124.0,124.0,12.0,0.0,0.0,1.0
800000.0,15.672253953,3.0396349690556367E-6,800000.0,83.620625,75.430758123113,75.42087542087542,75.413588713536,800000.0,1542992.0,249.0,125.0,125.0,12.0,0.0,0.0,1.0
810000.0,15.875648802,3.1224386396976896E-6,810000.0,83.63358024691358,75.45018326389162,75.43804390722009,75.43326464352957,810000.0,1573664.0,255.0,128.0,128.0,12.0,0.0,0.0,1.0
820000.0,16.081013439,3.206857722403478E-6,820000.0,83.64231707317073,75.46340878449224,75.45024269179241,75.44961362330194,820000.0,1588976.0,257.0,129.0,129.0,12.0,0.0,0.0,1.0
830000.0,16.29535826,3.296910403784568E-6,830000.0,83.65313253012047,75.47963496581237,75.46820136184309,75.4654953861844,830000.0,1624000.0,263.0,132.0,132.0,12.0,0.0,0.0,1.0
840000.0,16.509998198,3.3889288089607456E-6,840000.0,83.66130952380952,75.49180723618346,75.48198194979385,75.47685627752811,840000.0,1657168.0,269.0,135.0,135.0,12.0,0.0,0.0,1.0
850000.0,16.714317357,3.4765669876394075E-6,850000.0,83.66964705882353,75.50439535372354,75.49631230162512,75.4933272599835,850000.0,1658008.0,269.0,135.0,135.0,12.0,0.0,0.0,1.0
860000.0,16.930705438,3.571522081000079E-6,860000.0,83.67360465116279,75.51029251224541,75.50176137741633,75.49983772069115,860000.0,1696240.0,275.0,138.0,138.0,12.0,0.0,0.0,1.0
870000.0,17.132390804,3.660226959639836E-6,870000.0,83.67873563218392,75.51808925502638,75.50729287409615,75.50974298122462,870000.0,1700104.0,275.0,138.0,138.0,12.0,0.0,0.0,1.0
880000.0,17.34380547,3.754435649182514E-6,880000.0,83.69056818181818,75.53597692657587,75.5244349779073,75.528649909462,880000.0,1722496.0,279.0,140.0,140.0,13.0,0.0,0.0,1.0
890000.0,17.550523747,3.848541391979254E-6,890000.0,83.69853932584269,75.54788394853013,75.53208354133217,75.54082850611296,890000.0,1759704.0,285.0,143.0,143.0,13.0,0.0,0.0,1.0
900000.0,17.746220117,3.937697600796729E-6,900000.0,83.71333333333332,75.5700764701847,75.55150063548083,75.5622613827712,900000.0,1761048.0,285.0,143.0,143.0,13.0,0.0,0.0,1.0
910000.0,17.946463913,4.029545112285871E-6,910000.0,83.71516483516484,75.57283322312978,75.55507168919944,75.56579290149614,910000.0,1773008.0,287.0,144.0,144.0,13.0,0.0,0.0,1.0
920000.0,18.150079596,4.124084190799795E-6,920000.0,83.72565217391305,75.58864509260864,75.5696243840355,75.57990468392707,920000.0,1794744.0,291.0,146.0,146.0,13.0,0.0,0.0,1.0
930000.0,18.356309364,4.221103351098798E-6,930000.0,83.7358064516129,75.60388914064347,75.58295518933029,75.59540424241153,930000.0,1818480.0,295.0,148.0,148.0,13.0,0.0,0.0,1.0
940000.0,18.562882182,4.3187883752096465E-6,940000.0,83.74510638297872,75.61782705149149,75.59941104890146,75.60934339846723,940000.0,1827920.0,297.0,149.0,149.0,13.0,0.0,0.0,1.0
950000.0,18.797905546,4.432006597688382E-6,950000.0,83.75010526315789,75.62540144062115,75.60893141542584,75.6157892242809,950000.0,1862120.0,303.0,152.0,152.0,13.0,0.0,0.0,1.0
960000.0,19.005050147,4.531974791375436E-6,960000.0,83.763125,75.6449873260225,75.62884625006255,75.63387503204548,960000.0,1865480.0,303.0,152.0,152.0,13.0,0.0,0.0,1.0
970000.0,19.232447018,4.643895730258133E-6,970000.0,83.7677319587629,75.65191128490036,75.6379350893697,75.64061110036742,970000.0,1902520.0,309.0,155.0,155.0,13.0,0.0,0.0,1.0
980000.0,19.448235616,4.751363568835493E-6,980000.0,83.77091836734694,75.65677283334712,75.64652433356966,75.64298119067527,980000.0,1925096.0,313.0,157.0,157.0,13.0,0.0,0.0,1.0
990000.0,19.658678567,4.856452681042969E-6,990000.0,83.78333333333333,75.67544790915274,75.66474969759987,75.6601379327074,990000.0,1930304.0,313.0,157.0,157.0,13.0,0.0,0.0,1.0
1000000.0,19.966851257,5.0123191717205265E-6,1000000.0,83.78750000000001,75.68172120326287,75.67038682771859,75.66556645758193,1000000.0,1955064.0,317.0,159.0,159.0,13.0,12161.408805031446,0.0,1.0110670726661923
