learning evaluation instances,evaluation time (cpu seconds),model cost (RAM-Hours),classified instances,classifications correct (percent),Kappa Statistic (percent),Kappa Temporal Statistic (percent),Kappa M Statistic (percent),model training instances,model serialized size (bytes),tree size (nodes),tree size (leaves),active learning leaves,tree depth,active leaf byte size estimate,inactive leaf byte size estimate,byte size estimate overhead
10000.0,0.971535288,1.1655998860249917E-8,10000.0,79.78,69.63732961485222,69.74412688912165,69.28918590522478,10000.0,46376.0,5.0,3.0,3.0,2.0,0.0,0.0,1.0
20000.0,1.443097536,1.9485053126166265E-8,20000.0,79.7,69.53251097578162,69.66527196652721,69.30520904211083,20000.0,64176.0,7.0,4.0,4.0,2.0,0.0,0.0,1.0
30000.0,1.899836989,3.0718648759532305E-8,30000.0,79.90333333333334,69.83970309954938,70.01094309590133,69.61955152431344,30000.0,95072.0,11.0,6.0,6.0,3.0,0.0,0.0,1.0
40000.0,2.464359964,5.1126043171040305E-8,40000.0,80.21249999999999,70.30459284455604,70.4023633236108,70.07448296721994,40000.0,139736.0,17.0,9.0,9.0,4.0,0.0,0.0,1.0
50000.0,2.938781016,7.241875722888651E-8,50000.0,80.596,70.88521071677498,70.98857723820345,70.7577310265839,50000.0,173488.0,21.0,11.0,11.0,4.0,0.0,0.0,1.0
60000.0,3.44198868,9.743001534306549E-8,60000.0,80.70166666666667,71.04418451716934,71.11964682114086,70.9384333509023,60000.0,192128.0,23.0,12.0,12.0,4.0,0.0,0.0,1.0
70000.0,4.031784421,1.3417508094134432E-7,70000.0,80.88571428571429,71.32067813294594,71.39130620710299,71.24621236541809,70000.0,240824.0,29.0,15.0,15.0,5.0,0.0,0.0,1.0
80000.0,4.613926586,1.7466615915858914E-7,80000.0,81.1125,71.66535896328817,71.68237785565695,71.5891997593261,80000.0,268864.0,33.0,17.0,17.0,5.0,0.0,0.0,1.0
90000.0,5.140769691,2.117001517945549E-7,90000.0,81.31444444444445,71.96816281160406,71.96886355302196,71.88121791763507,90000.0,271720.0,32.0,14.0,14.0,5.0,0.0,0.0,1.0
100000.0,5.623905133,2.479915177561819E-7,100000.0,81.488,72.2303850927571,72.19042468490395,72.16910217090626,100000.0,290360.0,34.0,15.0,15.0,5.0,0.0,0.0,1.0
110000.0,6.138065129,2.90499458784103E-7,110000.0,81.68909090909091,72.52813209564223,72.49638146216239,72.41766518315646,110000.0,319576.0,38.0,17.0,17.0,5.0,0.0,0.0,1.0
120000.0,6.633341764,3.373842101141293E-7,120000.0,81.86416666666668,72.79229968565001,72.76561131272682,72.68836905777823,120000.0,365920.0,44.0,20.0,20.0,5.0,0.0,0.0,1.0
130000.0,7.13501249,3.889276195774455E-7,130000.0,82.03769230769231,73.05367866679163,73.02832193679542,72.95835649434872,130000.0,397152.0,48.0,22.0,22.0,6.0,0.0,0.0,1.0
140000.0,7.601126833,4.4096882911171353E-7,140000.0,82.11714285714285,73.17307475921851,73.12292002147073,73.0671170541218,140000.0,431576.0,52.0,24.0,24.0,6.0,0.0,0.0,1.0
150000.0,8.086708206,4.994636465707132E-7,150000.0,82.21333333333334,73.31668453045519,73.28393330996848,73.19158770510748,150000.0,465648.0,56.0,26.0,26.0,6.0,0.0,0.0,1.0
160000.0,8.58233996,5.627203569362768E-7,160000.0,82.29875,73.44561428386783,73.44397562119082,73.3374755234222,160000.0,493344.0,60.0,28.0,28.0,6.0,0.0,0.0,1.0
170000.0,9.085017192,6.296935213805115E-7,170000.0,82.36823529411764,73.54951038805679,73.54457193292143,73.4456670033133,170000.0,515008.0,62.0,29.0,29.0,6.0,0.0,0.0,1.0
180000.0,9.59798313,6.987509005778905E-7,180000.0,82.45833333333333,73.68559445694171,73.68793853435777,73.59817382142919,180000.0,520384.0,62.0,29.0,29.0,6.0,0.0,0.0,1.0
190000.0,10.112990366,7.734976654559251E-7,190000.0,82.54421052631578,73.81351297215063,73.81287011448875,73.71345237812176,190000.0,561024.0,68.0,32.0,32.0,6.0,0.0,0.0,1.0
200000.0,10.615909058,8.517326597932604E-7,200000.0,82.60650000000001,73.9070017500669,73.91066312679057,73.81798202700466,200000.0,601320.0,74.0,35.0,35.0,6.0,0.0,0.0,1.0
210000.0,11.104961933,9.338855651604199E-7,210000.0,82.6447619047619,73.96463438420248,73.9697458825546,73.8839445662611,210000.0,649336.0,80.0,38.0,38.0,6.0,0.0,0.0,1.0
220000.0,11.570707989,1.0146526068086323E-6,220000.0,82.66318181818181,73.99206384327728,74.0031626157013,73.90658885825506,220000.0,670328.0,82.0,39.0,39.0,7.0,0.0,0.0,1.0
230000.0,12.042997618,1.0972112464339826E-6,230000.0,82.69782608695651,74.04421971961943,74.03991049819626,73.96926941266508,230000.0,675704.0,82.0,39.0,39.0,7.0,0.0,0.0,1.0
240000.0,12.538645896,1.190374085647907E-6,240000.0,82.72833333333334,74.08989176300278,74.08666950063764,74.01861543765082,240000.0,726560.0,90.0,43.0,43.0,7.0,0.0,0.0,1.0
250000.0,13.001701997,1.2797089552458792E-6,250000.0,82.762,74.14072514469603,74.131876706984,74.07944279373022,250000.0,745744.0,96.0,46.0,46.0,7.0,0.0,0.0,1.0
260000.0,13.474525149,1.3817646740957766E-6,260000.0,82.76307692307692,74.14275454729119,74.13635891457659,74.08371210806935,260000.0,834336.0,104.0,50.0,50.0,8.0,0.0,0.0,1.0
270000.0,13.925697466,1.480441380689521E-6,270000.0,82.79777777777778,74.19451627075159,74.19179178289234,74.1402061166881,270000.0,845424.0,104.0,50.0,50.0,8.0,0.0,0.0,1.0
280000.0,14.391952462,1.5846652131940717E-6,280000.0,82.83607142857143,74.2522591585298,74.24559899252432,74.20828078460838,280000.0,864064.0,106.0,51.0,51.0,8.0,0.0,0.0,1.0
290000.0,14.855856593,1.6938245885863366E-6,290000.0,82.89344827586207,74.33877397110636,74.33256069041164,74.29905089522548,290000.0,909568.0,112.0,54.0,54.0,8.0,0.0,0.0,1.0
300000.0,15.341906052,1.8121844114590689E-6,300000.0,82.92266666666667,74.38215038997727,74.3848965286215,74.33575121227908,300000.0,941296.0,116.0,56.0,56.0,8.0,0.0,0.0,1.0
310000.0,15.839746398,1.9355977255579337E-6,310000.0,82.92774193548387,74.38984713515227,74.39289325856286,74.34124725469188,310000.0,958240.0,118.0,57.0,57.0,8.0,0.0,0.0,1.0
320000.0,16.338502751,2.0645024832948883E-6,320000.0,82.945625,74.41706764502331,74.41288029743961,74.37599774626726,320000.0,999040.0,124.0,60.0,60.0,8.0,0.0,0.0,1.0
330000.0,16.870818679,2.210624352593787E-6,330000.0,82.98727272727274,74.47949860865245,74.47835692660175,74.43919851029635,330000.0,1061080.0,128.0,62.0,62.0,8.0,0.0,0.0,1.0
340000.0,17.386866884,2.355240170090609E-6,340000.0,83.00147058823529,74.50093729802786,74.5056176305818,74.46450347277451,340000.0,1083248.0,130.0,63.0,63.0,8.0,0.0,0.0,1.0
350000.0,17.939239916,2.517569200317674E-6,350000.0,83.04028571428572,74.559012504258,74.56649627874492,74.52633024491355,350000.0,1135968.0,138.0,67.0,67.0,8.0,0.0,0.0,1.0
360000.0,18.468567418,2.679353621603624E-6,360000.0,83.04805555555555,74.57081493087982,74.58172109741723,74.5415331731411,360000.0,1181448.0,144.0,70.0,70.0,9.0,0.0,0.0,1.0
370000.0,18.985961648,2.824080015439264E-6,370000.0,83.07243243243244,74.60741391745694,74.62020674368564,74.57229390128047,370000.0,1081256.0,135.0,57.0,57.0,9.0,0.0,0.0,1.0
380000.0,19.470854118,2.9668310371070823E-6,380000.0,83.10052631578947,74.64941388917316,74.66705589042824,74.61568563895598,380000.0,1137984.0,143.0,61.0,61.0,9.0,0.0,0.0,1.0
390000.0,19.987622896,3.125542759328858E-6,390000.0,83.12538461538462,74.68640145643116,74.7026715356525,74.65122370215158,390000.0,1187176.0,149.0,64.0,64.0,9.0,0.0,0.0,1.0
400000.0,20.503098512,3.2877960624962148E-6,400000.0,83.154,74.72919996423023,74.74864438473617,74.69820254504901,400000.0,1216712.0,153.0,66.0,66.0,9.0,0.0,0.0,1.0
410000.0,21.01579879,3.4541862432774046E-6,410000.0,83.16439024390245,74.74466465530816,74.76963115398253,74.71732529476188,410000.0,1254488.0,157.0,68.0,68.0,10.0,0.0,0.0,1.0
420000.0,21.536443653,3.6280165488838396E-6,420000.0,83.18380952380953,74.77381965670796,74.79686691526754,74.7400797553692,420000.0,1290584.0,161.0,70.0,70.0,10.0,0.0,0.0,1.0
430000.0,22.033866766,3.795347586740753E-6,430000.0,83.21441860465116,74.8199565596,74.84543699335745,74.78506625304367,430000.0,1300328.0,161.0,70.0,70.0,10.0,0.0,0.0,1.0
440000.0,22.529207272,3.965721927043287E-6,440000.0,83.23318181818182,74.8481641969584,74.87869077981824,74.81806638358297,440000.0,1329544.0,165.0,72.0,72.0,10.0,0.0,0.0,1.0
450000.0,23.030685931,4.1433262503405605E-6,450000.0,83.24888888888889,74.87161980972998,74.90294785486459,74.83835865185941,450000.0,1369000.0,171.0,75.0,75.0,10.0,0.0,0.0,1.0
460000.0,23.538266411,4.3271706607282354E-6,460000.0,83.2813043478261,74.9200073837695,74.9504911796128,74.88390017047571,460000.0,1400064.0,175.0,77.0,77.0,10.0,0.0,0.0,1.0
470000.0,24.069173048,4.5241433986346925E-6,470000.0,83.29617021276596,74.94213800581208,74.97082884341943,74.89824433509506,470000.0,1434136.0,179.0,79.0,79.0,10.0,0.0,0.0,1.0
480000.0,24.624273661,4.736289231927447E-6,480000.0,83.31104166666667,74.96448014260129,74.99945384353708,74.91953663118346,480000.0,1477288.0,185.0,82.0,82.0,10.0,0.0,0.0,1.0
490000.0,25.166487821,4.950808769698361E-6,490000.0,83.32795918367347,74.98965256392195,75.02483972644201,74.94448670134459,490000.0,1529320.0,185.0,82.0,82.0,10.0,0.0,0.0,1.0
500000.0,25.720859532,5.174422407926765E-6,500000.0,83.3446,75.01479758581317,75.05055679887832,74.97528389712092,500000.0,1559192.0,189.0,84.0,84.0,10.0,0.0,0.0,1.0
510000.0,26.261197178,5.394534618402046E-6,510000.0,83.35941176470588,75.03700415746317,75.0732819136125,75.00419703998233,510000.0,1574640.0,191.0,85.0,85.0,10.0,0.0,0.0,1.0
520000.0,26.833779341,5.6328692591985465E-6,520000.0,83.37576923076922,75.0616761093803,75.09765512473354,75.0313386363505,520000.0,1608984.0,199.0,89.0,89.0,10.0,0.0,0.0,1.0
530000.0,27.378824282,5.869182127851561E-6,530000.0,83.39169811320755,75.08579336634264,75.12216491203279,75.05391702587734,530000.0,1675936.0,209.0,94.0,94.0,10.0,0.0,0.0,1.0
540000.0,27.933363341,6.118495491043847E-6,540000.0,83.40240740740741,75.101603624879,75.1389690218356,75.0702329229691,540000.0,1737864.0,217.0,98.0,98.0,10.0,0.0,0.0,1.0
550000.0,28.482997989,6.371859157516878E-6,550000.0,83.41872727272728,75.12635876915238,75.15596140329849,75.09646341763131,550000.0,1781856.0,223.0,101.0,101.0,11.0,0.0,0.0,1.0
560000.0,29.064965706,6.6478080530187885E-6,560000.0,83.43303571428572,75.14795479466487,75.18084343666736,75.12180994698552,560000.0,1832872.0,229.0,104.0,104.0,11.0,0.0,0.0,1.0
570000.0,29.649458216,6.925995642789799E-6,570000.0,83.45456140350878,75.1801018082554,75.21302151504162,75.14861973374933,570000.0,1839760.0,229.0,104.0,104.0,11.0,0.0,0.0,1.0
580000.0,30.245852988,7.2112737000109155E-6,580000.0,83.47068965517241,75.20419743114358,75.23788368753294,75.16906636000321,580000.0,1849000.0,229.0,104.0,104.0,11.0,0.0,0.0,1.0
590000.0,30.824531401,7.49463561177262E-6,590000.0,83.48711864406779,75.2287852396737,75.25808278457674,75.19224697242846,590000.0,1892808.0,235.0,107.0,107.0,11.0,0.0,0.0,1.0
600000.0,31.391746574,7.779278693633863E-6,600000.0,83.50416666666666,75.25443435598478,75.2801664389703,75.21963701368773,600000.0,1939792.0,241.0,110.0,110.0,11.0,0.0,0.0,1.0
610000.0,31.981896839,8.087707265232932E-6,610000.0,83.49524590163935,75.2409600078601,75.2683708110817,75.204293236527,610000.0,2020200.0,253.0,116.0,116.0,11.0,0.0,0.0,1.0
620000.0,32.544598045,8.376591573549503E-6,620000.0,83.49693548387097,75.2434018669272,75.27409723715786,75.20308849617575,620000.0,1984488.0,263.0,121.0,121.0,12.0,0.0,0.0,1.0
630000.0,33.086586735,8.656561885609795E-6,630000.0,83.49777777777778,75.24472597724032,75.27662903766627,75.20546050340805,630000.0,1996752.0,263.0,121.0,121.0,12.0,0.0,0.0,1.0
640000.0,33.666796237,8.966534061354E-6,640000.0,83.50031249999999,75.2483788357481,75.27887872608899,75.20510183476328,640000.0,2065096.0,271.0,125.0,125.0,12.0,0.0,0.0,1.0
650000.0,34.252412505,9.287430282946932E-6,650000.0,83.50676923076922,75.25810829181025,75.2863693051755,75.21706967497342,650000.0,2118136.0,279.0,129.0,129.0,12.0,0.0,0.0,1.0
660000.0,34.815352117,9.598794545925607E-6,660000.0,83.51378787878788,75.26873970220275,75.29785417858538,75.2267656299804,660000.0,2138008.0,285.0,132.0,132.0,12.0,0.0,0.0,1.0
670000.0,35.384697992,9.923924078709106E-6,670000.0,83.53462686567164,75.30006170002117,75.3300713812906,75.2572556407841,670000.0,2207408.0,291.0,135.0,135.0,12.0,0.0,0.0,1.0
680000.0,35.935803723,1.0240529639065722E-5,680000.0,83.54926470588235,75.32188773524807,75.35122819696983,75.27889009697066,680000.0,2220680.0,291.0,135.0,135.0,12.0,0.0,0.0,1.0
690000.0,36.506642802,1.0573277823496625E-5,690000.0,83.5627536231884,75.34207624716905,75.37052680496771,75.29654944087959,690000.0,2253224.0,295.0,137.0,137.0,12.0,0.0,0.0,1.0
700000.0,37.075286601,1.0907364888136439E-5,700000.0,83.57542857142857,75.36096440968377,75.39047700589701,75.31693262887161,700000.0,2271024.0,297.0,138.0,138.0,12.0,0.0,0.0,1.0
710000.0,37.673634754,1.1263556183414502E-5,710000.0,83.57760563380282,75.36435797622403,75.39176186787839,75.31914983690604,710000.0,2301080.0,301.0,140.0,140.0,12.0,0.0,0.0,1.0
720000.0,38.300813068,1.1643990469781774E-5,720000.0,83.57819444444445,75.3653405490329,75.39271919017017,75.32333635955713,720000.0,2344720.0,307.0,143.0,143.0,12.0,0.0,0.0,1.0
730000.0,38.913405439,1.2022254836605637E-5,730000.0,83.58657534246575,75.37791629140565,75.40726874914053,75.34284350202498,730000.0,2386856.0,313.0,146.0,146.0,12.0,0.0,0.0,1.0
740000.0,39.49209165,1.238853044211885E-5,740000.0,83.5895945945946,75.38236387358506,75.40865092543842,75.35004851353713,740000.0,2446624.0,321.0,150.0,150.0,12.0,0.0,0.0,1.0
750000.0,40.068321604,1.2758332911725685E-5,750000.0,83.5964,75.39241817249763,75.42114516322373,75.35650115077911,750000.0,2480712.0,325.0,152.0,152.0,12.0,0.0,0.0,1.0
760000.0,40.648831587,1.313572148824735E-5,760000.0,83.60776315789474,75.40937687356379,75.43880747673131,75.36834487994685,760000.0,2512936.0,329.0,154.0,154.0,12.0,0.0,0.0,1.0
770000.0,41.221471114,1.3509611207811846E-5,770000.0,83.61974025974025,75.42749860121735,75.45684691469012,75.39037881818093,770000.0,2523856.0,329.0,154.0,154.0,12.0,0.0,0.0,1.0
780000.0,41.811109376,1.389741751434131E-5,780000.0,83.62884615384615,75.44113072072474,75.47095874464787,75.40135692738012,780000.0,2542328.0,331.0,155.0,155.0,12.0,0.0,0.0,1.0
790000.0,42.426529866,1.4304878495152797E-5,790000.0,83.64037974683545,75.4582917118191,75.48971824014353,75.41792438654655,790000.0,2559272.0,333.0,156.0,156.0,12.0,0.0,0.0,1.0
800000.0,43.02545631,1.4704304660159082E-5,800000.0,83.65312499999999,75.47740999974326,75.50832744958863,75.43873158491785,800000.0,2577896.0,335.0,157.0,157.0,12.0,0.0,0.0,1.0
810000.0,43.6525804,1.5128963133911956E-5,810000.0,83.66444444444444,75.49440397243116,75.52879645058616,75.45994747696552,810000.0,2617512.0,341.0,160.0,160.0,13.0,0.0,0.0,1.0
820000.0,44.253476754,1.5538917008573408E-5,820000.0,83.67768292682926,75.51423270537649,75.54829669496526,75.48083704758083,820000.0,2637168.0,343.0,161.0,161.0,13.0,0.0,0.0,1.0
830000.0,44.848849931,1.5948129019233625E-5,830000.0,83.68361445783133,75.52313616621292,75.55491777090654,75.487308882063,830000.0,2656816.0,345.0,162.0,162.0,13.0,0.0,0.0,1.0
840000.0,45.463936127,1.6378850166938867E-5,840000.0,83.68607142857142,75.5268966151526,75.56231620957948,75.48962793642617,840000.0,2706840.0,353.0,166.0,166.0,13.0,0.0,0.0,1.0
850000.0,46.066480505,1.6806073673202746E-5,850000.0,83.68411764705883,75.52411014885733,75.55767830989589,75.4880387426319,850000.0,2740744.0,357.0,168.0,168.0,13.0,0.0,0.0,1.0
860000.0,46.664494371,1.723439811994206E-5,860000.0,83.69953488372093,75.54728314518167,75.57778544325629,75.51431056707783,860000.0,2768624.0,361.0,170.0,170.0,13.0,0.0,0.0,1.0
870000.0,47.277466308,1.7677483077003845E-5,870000.0,83.70609195402298,75.55716763069564,75.58653993534843,75.52364721950275,870000.0,2794144.0,363.0,171.0,171.0,13.0,0.0,0.0,1.0
880000.0,47.904845729,1.8135967106631037E-5,880000.0,83.71284090909091,75.56719450755928,75.59755987516749,75.53073617610454,880000.0,2824856.0,367.0,173.0,173.0,13.0,0.0,0.0,1.0
890000.0,48.531267953,1.860200999160184E-5,890000.0,83.72022471910113,75.57817154548351,75.60466388853811,75.53963393016917,890000.0,2875816.0,379.0,179.0,179.0,13.0,0.0,0.0,1.0
900000.0,49.141445969,1.906530871934348E-5,900000.0,83.72611111111111,75.5869833506402,75.61375612923634,75.54833238174417,900000.0,2934992.0,383.0,181.0,181.0,13.0,0.0,0.0,1.0
910000.0,49.761588505,1.9543658436516826E-5,910000.0,83.72593406593407,75.58683252567295,75.61335474043885,75.54901374825195,910000.0,2981648.0,389.0,184.0,184.0,13.0,0.0,0.0,1.0
920000.0,50.382216211,2.002631924524423E-5,920000.0,83.72641304347826,75.58761603916403,75.61338326293998,75.5487833757139,920000.0,3006168.0,391.0,185.0,185.0,13.0,0.0,0.0,1.0
930000.0,51.028012169,2.0534674715455494E-5,930000.0,83.73763440860215,75.60439265596777,75.62881806857901,75.56467508966944,930000.0,3042808.0,401.0,190.0,190.0,14.0,0.0,0.0,1.0
940000.0,51.661952303,2.1047417206456286E-5,940000.0,83.74393617021276,75.61381407952842,75.63512399527393,75.57362583961815,940000.0,3126464.0,409.0,194.0,194.0,14.0,0.0,0.0,1.0
950000.0,52.305013053,2.1575607089866387E-5,950000.0,83.74726315789474,75.61887527820062,75.64076674292025,75.58031950983819,950000.0,3174976.0,415.0,197.0,197.0,14.0,0.0,0.0,1.0
960000.0,52.936712978,2.2100666403646446E-5,960000.0,83.75291666666666,75.62745155465468,75.64954022450158,75.59012850348451,960000.0,3212920.0,419.0,199.0,199.0,14.0,0.0,0.0,1.0
970000.0,53.561667786,2.2623211822784885E-5,970000.0,83.76216494845362,75.6412173426796,75.66497333308614,75.60357178814,970000.0,3232048.0,421.0,200.0,200.0,14.0,0.0,0.0,1.0
980000.0,54.202412549,2.316204688166118E-5,980000.0,83.77102040816327,75.65448768312967,75.68197768559533,75.61635980909365,980000.0,3250672.0,423.0,201.0,201.0,14.0,0.0,0.0,1.0
990000.0,54.872333215,2.3740015610267165E-5,990000.0,83.78050505050506,75.66871535809162,75.69664433187074,75.62980826874247,990000.0,3334904.0,437.0,208.0,208.0,14.0,0.0,0.0,1.0
1000000.0,55.506829796,2.4294476774622723E-5,1000000.0,83.78750000000001,75.67920250487535,75.70604198415518,75.6393496814521,1000000.0,3377880.0,443.0,211.0,211.0,14.0,0.0,0.0,1.0
