learning evaluation instances,evaluation time (cpu seconds),model cost (RAM-Hours),classified instances,classifications correct (percent),Kappa Statistic (percent),Kappa Temporal Statistic (percent),Kappa M Statistic (percent),model training instances,model serialized size (bytes),tree size (nodes),tree size (leaves),active learning leaves,tree depth,active leaf byte size estimate,inactive leaf byte size estimate,byte size estimate overhead
10000.0,0.603826279,4.0002331118596095E-9,10000.0,79.31,69.04783418615102,69.0871059315703,68.37841968515971,10000.0,25608.0,3.0,2.0,2.0,1.0,0.0,0.0,1.0
20000.0,0.955760374,8.662496302636962E-9,20000.0,79.785,69.68600913723517,69.78551677752036,69.50520440488759,20000.0,51208.0,7.0,4.0,4.0,2.0,0.0,0.0,1.0
30000.0,1.153865537,1.1286903606390373E-8,30000.0,79.67999999999999,69.52798671468207,69.6414342629482,69.32212772381862,30000.0,51208.0,7.0,4.0,4.0,2.0,0.0,0.0,1.0
40000.0,1.406325334,1.7084477504609773E-8,40000.0,79.97999999999999,69.96713707041488,70.10601761982977,69.79708833069321,40000.0,88768.0,13.0,7.0,7.0,3.0,0.0,0.0,1.0
50000.0,1.621450447,2.2071433373130856E-8,50000.0,80.616,70.9197528648022,71.06088202800753,70.74819666193825,50000.0,89608.0,13.0,7.0,7.0,3.0,0.0,0.0,1.0
60000.0,1.875336774,3.0368728971768996E-8,60000.0,80.86166666666666,71.2891171641556,71.4075844724982,71.09958976165908,60000.0,126328.0,19.0,10.0,10.0,4.0,0.0,0.0,1.0
70000.0,2.060386289,3.645657165981622E-8,70000.0,80.98714285714286,71.47831996052399,71.60686094636685,71.31742850369605,70000.0,127168.0,19.0,10.0,10.0,4.0,0.0,0.0,1.0
80000.0,2.242181688,4.303935064367743E-8,80000.0,81.13625,71.70464377272555,71.78777738311118,71.52856388197117,80000.0,139968.0,21.0,11.0,11.0,4.0,0.0,0.0,1.0
90000.0,2.44607427,5.177259189766935E-8,90000.0,81.28777777777778,71.93104989826978,71.99141830761043,71.75371507161786,90000.0,165568.0,25.0,13.0,13.0,4.0,0.0,0.0,1.0
100000.0,2.639539146,6.06998214314609E-8,100000.0,81.46600000000001,72.19654675674239,72.24451898885829,72.00344405673631,100000.0,178368.0,27.0,14.0,14.0,4.0,0.0,0.0,1.0
110000.0,2.834614676,7.017777360026E-8,110000.0,81.62,72.42852142591356,72.49401393121462,72.26687882362624,110000.0,187808.0,29.0,15.0,15.0,5.0,0.0,0.0,1.0
120000.0,3.032171261,8.10760498804061E-8,120000.0,81.72500000000001,72.5875725629798,72.6196718855345,72.44836423940903,120000.0,213240.0,33.0,17.0,17.0,5.0,0.0,0.0,1.0
130000.0,3.215839582,9.235956188115395E-8,130000.0,81.89692307692307,72.84593112877926,72.8692805183127,72.71641721831273,130000.0,237472.0,37.0,19.0,19.0,6.0,0.0,0.0,1.0
140000.0,3.404732281,1.0513292013828125E-7,140000.0,82.01357142857142,73.02188690372584,73.04250080291189,72.90384367064091,140000.0,261392.0,41.0,21.0,21.0,6.0,0.0,0.0,1.0
150000.0,3.580690841,1.1713105920411646E-7,150000.0,82.16133333333333,73.24204506753156,73.26045028930038,73.13588675267306,150000.0,263576.0,41.0,21.0,21.0,6.0,0.0,0.0,1.0
160000.0,3.760575656,1.3110573304455107E-7,160000.0,82.251875,73.37624780700376,73.38937149175827,73.24823363165332,160000.0,300296.0,47.0,24.0,24.0,6.0,0.0,0.0,1.0
170000.0,3.923587111,1.4376956971069592E-7,170000.0,82.35882352941177,73.53725533885137,73.55005997318847,73.42772589534121,170000.0,300296.0,47.0,24.0,24.0,6.0,0.0,0.0,1.0
180000.0,4.108725098,1.6033100837569893E-7,180000.0,82.45722222222223,73.68498909539716,73.68824524418595,73.58523711133232,180000.0,345784.0,55.0,28.0,28.0,6.0,0.0,0.0,1.0
190000.0,4.277223503,1.7603515314569906E-7,190000.0,82.52947368421053,73.79361911798938,73.80999345131487,73.69501303600155,190000.0,360264.0,57.0,29.0,29.0,6.0,0.0,0.0,1.0
200000.0,4.449863646,1.9331368010778604E-7,200000.0,82.60300000000001,73.90451015799562,73.91265229615746,73.81527555144154,200000.0,386872.0,61.0,31.0,31.0,6.0,0.0,0.0,1.0
210000.0,4.628993589,2.12403966015062E-7,210000.0,82.68285714285715,74.02363025449175,74.03393025447691,73.92669706616192,210000.0,411952.0,65.0,33.0,33.0,7.0,0.0,0.0,1.0
220000.0,4.796888081,2.3033334924309414E-7,220000.0,82.75272727272728,74.1285666800862,74.13831882714578,74.03390155273767,220000.0,412792.0,65.0,33.0,33.0,7.0,0.0,0.0,1.0
230000.0,4.967243694,2.490748569890443E-7,230000.0,82.83434782608695,74.25166134112253,74.25196953096467,74.16452358049169,230000.0,425256.0,67.0,34.0,34.0,7.0,0.0,0.0,1.0
240000.0,5.134830769,2.6808060294628765E-7,240000.0,82.89375,74.34071728053652,74.33468989703869,74.26422190879173,240000.0,438376.0,69.0,35.0,35.0,8.0,0.0,0.0,1.0
250000.0,5.308270193,2.888233173403537E-7,250000.0,82.9456,74.4183273754733,74.40693430656933,74.34672474894856,250000.0,462296.0,73.0,37.0,37.0,8.0,0.0,0.0,1.0
260000.0,5.48787935,3.120101044468416E-7,260000.0,82.97538461538461,74.46304871267884,74.4482864119423,74.39078012543104,260000.0,499016.0,79.0,40.0,40.0,8.0,0.0,0.0,1.0
270000.0,5.652143539,3.332873127356482E-7,270000.0,83.02555555555556,74.53877328709024,74.53507948237831,74.47736258840563,270000.0,500696.0,79.0,40.0,40.0,8.0,0.0,0.0,1.0
280000.0,5.851039822,3.60662812152685E-7,280000.0,83.03321428571428,74.54943582103553,74.55177548866784,74.4779495113919,280000.0,532032.0,85.0,43.0,43.0,8.0,0.0,0.0,1.0
290000.0,6.019608286,3.8409119429755334E-7,290000.0,83.04896551724138,74.57322211661523,74.57248378386765,74.49861490096802,290000.0,537240.0,85.0,43.0,43.0,8.0,0.0,0.0,1.0
300000.0,6.194170635,4.094100854027292E-7,300000.0,83.07333333333334,74.60985739414821,74.61482318359512,74.54126140579564,300000.0,560656.0,89.0,45.0,45.0,8.0,0.0,0.0,1.0
310000.0,6.368227417,4.352698382991449E-7,310000.0,83.09516129032258,74.64275098506651,74.64658584021133,74.57536665712526,310000.0,574296.0,91.0,46.0,46.0,8.0,0.0,0.0,1.0
320000.0,6.538670242,4.605926627637901E-7,320000.0,83.1190625,74.67861928305162,74.68353837141184,74.6159665800467,320000.0,574296.0,91.0,46.0,46.0,8.0,0.0,0.0,1.0
330000.0,6.716157543,4.881687654540894E-7,330000.0,83.15151515151516,74.72699551304746,74.74173882231086,74.66266251669028,330000.0,600576.0,95.0,48.0,48.0,8.0,0.0,0.0,1.0
340000.0,6.894183731,5.16945716976453E-7,340000.0,83.1735294117647,74.76025661610446,74.77212895715097,74.70397325810701,340000.0,624832.0,99.0,50.0,50.0,8.0,0.0,0.0,1.0
350000.0,7.070101089,5.459413780589816E-7,350000.0,83.20914285714287,74.8139962198966,74.82425213446373,74.7546039942093,350000.0,637128.0,101.0,51.0,51.0,8.0,0.0,0.0,1.0
360000.0,7.260346028,5.790636900228593E-7,360000.0,83.24472222222222,74.86748567987144,74.88110804800652,74.8104067485175,360000.0,672992.0,107.0,54.0,54.0,9.0,0.0,0.0,1.0
370000.0,7.43241024,6.095530506617079E-7,370000.0,83.27108108108108,74.90700560281513,74.92282012429808,74.85742371559483,370000.0,684952.0,109.0,55.0,55.0,9.0,0.0,0.0,1.0
380000.0,7.622094695,6.454616145497188E-7,380000.0,83.28184210526317,74.92305616774306,74.94191940108944,74.88128422592571,380000.0,731760.0,117.0,59.0,59.0,9.0,0.0,0.0,1.0
390000.0,7.804219066,6.809389865843433E-7,390000.0,83.28538461538461,74.92806834595427,74.94522980421097,74.88199504475519,390000.0,752984.0,121.0,61.0,61.0,9.0,0.0,0.0,1.0
400000.0,7.983626734,7.16496460114616E-7,400000.0,83.31275000000001,74.9689845418203,74.99072675976126,74.92326592255588,400000.0,766112.0,123.0,62.0,62.0,9.0,0.0,0.0,1.0
410000.0,8.167526297,7.534458292917679E-7,410000.0,83.3409756097561,75.01157346694981,75.03061675860833,74.97398543184183,410000.0,776656.0,127.0,64.0,64.0,9.0,0.0,0.0,1.0
420000.0,8.351826491,7.917469958123461E-7,420000.0,83.37357142857142,75.06061504409077,75.08384951331601,75.02342749636962,420000.0,803320.0,129.0,65.0,65.0,9.0,0.0,0.0,1.0
430000.0,8.527049171,8.288031917409992E-7,430000.0,83.38418604651163,75.07674522575189,75.09463953318136,75.05037207239612,430000.0,817472.0,131.0,66.0,66.0,9.0,0.0,0.0,1.0
440000.0,8.701753423,8.66153622692871E-7,440000.0,83.41636363636363,75.12515496495482,75.1474775548017,75.09140003345361,440000.0,826408.0,133.0,67.0,67.0,9.0,0.0,0.0,1.0
450000.0,8.884442303,9.058716360867499E-7,450000.0,83.43533333333333,75.15398539643601,75.17807014914936,75.11185159463648,450000.0,840384.0,135.0,68.0,68.0,9.0,0.0,0.0,1.0
460000.0,9.058913398,9.438409518269988E-7,460000.0,83.45282608695652,75.18019405651623,75.20021112580882,75.13954346668757,460000.0,841224.0,135.0,68.0,68.0,9.0,0.0,0.0,1.0
470000.0,9.240319368,9.841015105657238E-7,470000.0,83.47021276595746,75.20636695446936,75.22079297289885,75.16415505699874,470000.0,857888.0,137.0,69.0,69.0,9.0,0.0,0.0,1.0
480000.0,9.419904746,1.0246002613227192E-6,480000.0,83.49708333333334,75.24683595347045,75.25985058591311,75.20052094747321,480000.0,871712.0,139.0,70.0,70.0,9.0,0.0,0.0,1.0
490000.0,9.594669839,1.0641866760787055E-6,490000.0,83.52897959183674,75.29448827300168,75.30876283771175,75.25304093728633,490000.0,875576.0,139.0,70.0,70.0,9.0,0.0,0.0,1.0
500000.0,9.77275549,1.105091725129934E-6,500000.0,83.5492,75.32470671521796,75.34263822439657,75.28603706463477,500000.0,887872.0,141.0,71.0,71.0,9.0,0.0,0.0,1.0
510000.0,9.955296636,1.1476000756222317E-6,510000.0,83.56901960784315,75.35440890673867,75.36526713742275,75.31694040577798,510000.0,900152.0,143.0,72.0,72.0,9.0,0.0,0.0,1.0
520000.0,10.139871816,1.1918037206629474E-6,520000.0,83.60019230769231,75.40113330806847,75.41130608784911,75.36470941686937,520000.0,925736.0,147.0,74.0,74.0,9.0,0.0,0.0,1.0
530000.0,10.328058409,1.2374545185356812E-6,530000.0,83.62358490566038,75.43598466428718,75.44431933277127,75.40542301992332,530000.0,937696.0,149.0,75.0,75.0,9.0,0.0,0.0,1.0
540000.0,10.536451285,1.2914543192665503E-6,540000.0,83.63703703703703,75.45608451594693,75.45985008179125,75.42469990098681,540000.0,1001640.0,163.0,82.0,82.0,10.0,0.0,0.0,1.0
550000.0,10.72631487,1.3424830451415848E-6,550000.0,83.64509090909091,75.4680590882294,75.46806009714379,75.43422691223701,550000.0,1038904.0,167.0,84.0,84.0,10.0,0.0,0.0,1.0
560000.0,10.909684171,1.3924133846012624E-6,560000.0,83.65714285714286,75.48598800646754,75.4880560517879,75.45571327810511,560000.0,1052544.0,169.0,85.0,85.0,10.0,0.0,0.0,1.0
570000.0,11.111072385,1.4490486308676913E-6,570000.0,83.64824561403509,75.47242920594441,75.47353020120097,75.44005270092228,570000.0,1087064.0,175.0,88.0,88.0,11.0,0.0,0.0,1.0
580000.0,11.306393817,1.5042154431635552E-6,580000.0,83.65724137931035,75.48568852090304,75.48702432212265,75.44587694961882,580000.0,1091768.0,175.0,88.0,88.0,11.0,0.0,0.0,1.0
590000.0,11.503197679,1.5610839698679618E-6,590000.0,83.67,75.50483157246038,75.5094000061006,75.46593261642904,590000.0,1116968.0,181.0,91.0,91.0,11.0,0.0,0.0,1.0
600000.0,11.696696897,1.618214604735196E-6,600000.0,83.67816666666667,75.51709346496662,75.5247761313396,75.47654105815656,600000.0,1141280.0,183.0,92.0,92.0,11.0,0.0,0.0,1.0
610000.0,11.886840616,1.6750089566483075E-6,610000.0,83.69295081967213,75.53925536765712,75.55008799441555,75.49847655220485,610000.0,1154584.0,185.0,93.0,93.0,11.0,0.0,0.0,1.0
620000.0,12.091742647,1.7373187313694607E-6,620000.0,83.70112903225805,75.55142732158896,75.56154776299879,75.51387828783969,620000.0,1175472.0,189.0,95.0,95.0,11.0,0.0,0.0,1.0
630000.0,12.285615867,1.7973985712710454E-6,630000.0,83.70476190476191,75.55690346999113,75.56534591958413,75.52252471352341,630000.0,1197880.0,193.0,97.0,97.0,11.0,0.0,0.0,1.0
640000.0,12.468186951,1.854118792339532E-6,640000.0,83.71484375,75.57208563382318,75.58327222806595,75.53420985298226,640000.0,1200904.0,193.0,97.0,97.0,11.0,0.0,0.0,1.0
650000.0,12.657766643,1.91355315269602E-6,650000.0,83.72630769230769,75.589142498665,75.6018295341054,75.54842050272072,650000.0,1211848.0,195.0,98.0,98.0,11.0,0.0,0.0,1.0
660000.0,12.848731956,1.9746285289995597E-6,660000.0,83.73257575757576,75.59848760804935,75.61033786377772,75.55931416291818,660000.0,1236272.0,199.0,100.0,100.0,11.0,0.0,0.0,1.0
670000.0,13.041538309,2.037443925493289E-6,670000.0,83.74417910447761,75.61601654675161,75.62779998120293,75.58025865006906,670000.0,1259352.0,203.0,102.0,102.0,11.0,0.0,0.0,1.0
680000.0,13.231953555,2.0996182402218628E-6,680000.0,83.75088235294118,75.62587252903795,75.63624817537563,75.58569885036646,680000.0,1262152.0,205.0,103.0,103.0,11.0,0.0,0.0,1.0
690000.0,13.427559403,2.1648111726009266E-6,690000.0,83.76130434782608,75.64142551356414,75.6526481849275,75.60191183355289,690000.0,1288312.0,207.0,104.0,104.0,11.0,0.0,0.0,1.0
700000.0,13.62468223,2.231962463532976E-6,700000.0,83.76828571428572,75.65173985838075,75.65974803291297,75.61382874607236,700000.0,1316800.0,213.0,107.0,107.0,11.0,0.0,0.0,1.0
710000.0,13.81681869,2.298879248346231E-6,710000.0,83.77732394366197,75.66547526695632,75.67023505753924,75.63281565680606,710000.0,1346256.0,217.0,109.0,109.0,11.0,0.0,0.0,1.0
720000.0,14.016600069,2.370216240975532E-6,720000.0,83.79875,75.69780872716208,75.70480617830097,75.66644067796608,720000.0,1380264.0,223.0,112.0,112.0,11.0,0.0,0.0,1.0
730000.0,14.208571056,2.439232757378194E-6,730000.0,83.81041095890411,75.71538106019977,75.72226787181594,75.68780728641667,730000.0,1389696.0,225.0,113.0,113.0,11.0,0.0,0.0,1.0
740000.0,14.402668972,2.509283883940551E-6,740000.0,83.81432432432433,75.72138117877542,75.7254557025135,75.69294211716192,740000.0,1395072.0,225.0,113.0,113.0,11.0,0.0,0.0,1.0
750000.0,14.600580868,2.581771542987002E-6,750000.0,83.81946666666667,75.72918348671894,75.73410171145429,75.70013736428768,750000.0,1415776.0,229.0,115.0,115.0,11.0,0.0,0.0,1.0
760000.0,14.7880019,2.651143695874022E-6,760000.0,83.82223684210526,75.73334618977789,75.73959593288832,75.70546449707064,760000.0,1430768.0,231.0,116.0,116.0,11.0,0.0,0.0,1.0
770000.0,14.972276178,2.7194151780343205E-6,770000.0,83.83090909090909,75.74636086241246,75.7519217997433,75.71924487089477,770000.0,1432112.0,231.0,116.0,116.0,11.0,0.0,0.0,1.0
780000.0,15.166455787,2.791982993897655E-6,780000.0,83.84012820512821,75.76020680877805,75.76755524283007,75.73541443281505,780000.0,1444584.0,233.0,117.0,117.0,11.0,0.0,0.0,1.0
790000.0,15.354376386,2.8628993376724236E-6,790000.0,83.85594936708861,75.78400316118271,75.79418854030256,75.76332287507674,790000.0,1458728.0,235.0,118.0,118.0,11.0,0.0,0.0,1.0
800000.0,15.54983896,2.9372657905251346E-6,800000.0,83.869625,75.80450050300139,75.8141269653845,75.78317209799857,800000.0,1470672.0,237.0,119.0,119.0,11.0,0.0,0.0,1.0
810000.0,15.755518369,3.017374047451106E-6,810000.0,83.87,75.80494746404446,75.81485320795231,75.783923044131,810000.0,1505528.0,243.0,122.0,122.0,11.0,0.0,0.0,1.0
820000.0,15.961287778,3.0987549113355143E-6,820000.0,83.86646341463415,75.79963006542552,75.80634837614778,75.78159038403099,820000.0,1528776.0,247.0,124.0,124.0,11.0,0.0,0.0,1.0
830000.0,16.150443192,3.173630784039218E-6,830000.0,83.8766265060241,75.81475937809347,75.81798436220983,75.79410227237786,830000.0,1530120.0,247.0,124.0,124.0,11.0,0.0,0.0,1.0
840000.0,16.344346935,3.25038625019595E-6,840000.0,83.88333333333333,75.8246562504583,75.83143056579588,75.80062777511637,840000.0,1530120.0,247.0,124.0,124.0,11.0,0.0,0.0,1.0
850000.0,16.557211371,3.3371428665745256E-6,850000.0,83.89282352941177,75.83893087083318,75.84862591662889,75.81329861374874,850000.0,1575440.0,255.0,128.0,128.0,11.0,0.0,0.0,1.0
860000.0,16.760002715,3.4211630737719267E-6,860000.0,83.89686046511628,75.84504899766951,75.85386818984651,75.81807196937949,860000.0,1601536.0,259.0,130.0,130.0,12.0,0.0,0.0,1.0
870000.0,16.969933436,3.509248730770525E-6,870000.0,83.90183908045977,75.8525248279073,75.85933487084553,75.82670981661273,870000.0,1621928.0,263.0,132.0,132.0,12.0,0.0,0.0,1.0
880000.0,17.17473165,3.596928782782544E-6,880000.0,83.90409090909091,75.85598619806562,75.8649538833256,75.82974134253429,880000.0,1654920.0,267.0,134.0,134.0,12.0,0.0,0.0,1.0
890000.0,17.388514355,3.689070355644114E-6,890000.0,83.90516853932584,75.85765457308116,75.86941140797143,75.82820346670988,890000.0,1666040.0,269.0,135.0,135.0,12.0,0.0,0.0,1.0
900000.0,17.583099801,3.7731069400579312E-6,900000.0,83.91033333333333,75.86546002502287,75.87844523439087,75.83847936609108,900000.0,1669400.0,269.0,135.0,135.0,12.0,0.0,0.0,1.0
910000.0,17.802122992,3.8712862849427175E-6,910000.0,83.91307692307693,75.86954187792489,75.88250896636029,75.84071716553262,910000.0,1732736.0,281.0,141.0,141.0,12.0,0.0,0.0,1.0
920000.0,18.008379987,3.964497761588667E-6,920000.0,83.91967391304348,75.8794702180372,75.89266508926652,75.85323814280537,920000.0,1746880.0,283.0,142.0,142.0,12.0,0.0,0.0,1.0
930000.0,18.214435196,4.058766485321308E-6,930000.0,83.92279569892473,75.88408610680449,75.89643971208176,75.86052128538955,930000.0,1768424.0,287.0,144.0,144.0,12.0,0.0,0.0,1.0
940000.0,18.410442128,4.148565979127074E-6,940000.0,83.92957446808511,75.89439191708605,75.90610106990424,75.87146526278129,940000.0,1770944.0,287.0,144.0,144.0,12.0,0.0,0.0,1.0
950000.0,18.615014036,4.2442332216337425E-6,950000.0,83.93557894736841,75.90327848709502,75.91533469686638,75.8800482361104,950000.0,1807672.0,293.0,147.0,147.0,12.0,0.0,0.0,1.0
960000.0,18.82571413,4.343950205566653E-6,960000.0,83.93916666666667,75.90861194870028,75.9207520001749,75.88550211688454,960000.0,1829392.0,297.0,149.0,149.0,12.0,0.0,0.0,1.0
970000.0,19.02020017,4.436120435397246E-6,970000.0,83.95041237113402,75.92546107587698,75.93772411405396,75.90159468253404,970000.0,1831912.0,297.0,149.0,149.0,12.0,0.0,0.0,1.0
980000.0,19.22328721,4.5336403644705E-6,980000.0,83.95969387755102,75.9395954096952,75.95116033222725,75.91833420655128,980000.0,1856152.0,301.0,151.0,151.0,12.0,0.0,0.0,1.0
990000.0,19.431456416,4.63471610206533E-6,990000.0,83.97050505050505,75.95576068980672,75.96759171620036,75.93362380249714,990000.0,1876864.0,305.0,153.0,153.0,12.0,0.0,0.0,1.0
1000000.0,19.732176221,4.7818951199564125E-6,1000000.0,83.9761,75.96425516098651,75.97742247408307,75.94063196774847,1000000.0,1891848.0,307.0,154.0,154.0,12.0,12149.818181818182,0.0,1.011103795043697
